100
2 1
100 20
200 10
2 2
100 20
200 10
3 2
100 10
100 10
100 10
4 2
9 3
7 1
10 1
8 4
2 1
442585 79906
182713 193556
5 3
386802 19516
262276 28782
14391 524552
14637 515736
848946 8892
9 5
846486 46956
141081 281736
144781 274536
666414 59644
213528 186147
446121 89096
90909 437224
242424 163959
491877 80808
3 1
25688 2110
27002 2269
260030 27
3 2
10628 81
3530 306711
3379 355036
6 4
3697 345552
3752 332615
19591 40
11544 62
3705 355888
3154 389069
4 1
791985 949925
401495 44652
86452 685733
924898 600107
7 4
100491 336168
266133 126936
42021 803928
703437 48024
157122 215004
50692 666414
63468 532266
4 2
274485 194100
331527 716051
941387 290758
461283 746130
6 4
3010 385626
11744 19
18158 18
3426 305850
3160 374213
3696 348431
5 2
360418 528802
519839 246944
182225 294069
763210 773534
805342 976341
5 1
15218 37
3088 302442
10928 39
3589 354320
3772 314714
6 1
25904 2779
25179 2110
26191 2009
213546 61
26652 2274
230392 1
4 3
141636 37674
111592 47817
16744 318681
118404 45066
8 2
589089 157993
462552 201214
996029 93443
714701 130225
194045 479641
497852 186947
406151 229156
583026 159636
2 1
347422 622626
925455 547273
3 1
20673 2857
206008 25
21816 2563
9 3
3189 365177
3245 318439
3012 322127
3841 398536
3304 319942
3138 373286
15851 1
3241 338905
11786 69
2 1
303843 775859
686020 49073
5 1
120872 752983
352090 258498
151651 600158
147919 615300
516996 176045
7 4
274536 57239
760461 20664
244647 64232
43214 363636
49062 320292
18972 828282
134316 116994
7 3
83014 171079
661020 118166
784775 992912
769385 830347
999579 706735
66683 437841
170926 622868
10 5
200807 69083
32971 420744
62789 220936
238812 58089
287826 48197
50706 273584
762678 18189
35378 392118
688967 20135
66790 207701
5 2
23746 2928
254015 22
246034 84
20465 2724
20038 2122
3 1
3782 321621
3076 380120
17933 11
9 5
374699 25704
235144 40959
29526 326196
186732 51578
709956 13566
16728 575757
73112 131733
382284 25194
12136 793611
9 5
764568 29667
450549 50344
180264 125829
68376 331731
540792 41943
178002 127428
28536 794871
286713 79112
257796 87986
8 5
61404 79794
27404 178794
407898 12012
762476 6426
49192 99603
8568 571857
9672 506583
114036 42966
3 2
183816 141491
45954 565964
29274 888444
5 3
194028 70434
17316 789222
19608 696969
56511 241832
124614 109668
4 1
489291 78913
112767 342400
41001 941719
40145 961799
5 2
856860 641390
11165 51819
867066 865001
906273 667115
633171 691973
3 1
213762 224363
452511 105987
68669 698427
4 1
23008 2564
219849 94
20264 2232
25953 2989
3 2
13244 274482
55341 65688
24596 147798
9 5
29476 2541
23568 2270
254943 66
20031 2958
26146 2345
26838 2262
20028 2964
248472 17
26245 2606
10 3
399413 364749
389240 787942
238433 285210
852772 195253
598533 535288
243736 56982
966125 984694
714535 831576
763612 239026
980573 263705
5 3
111188 464583
56863 908430
154533 334272
337661 152982
821254 62899
3 2
560142 25172
924462 15252
126063 111848
10 4
15048 61
3975 312555
3971 314004
3965 315597
3691 315922
19516 61
3650 379387
18392 61
3848 316385
3537 396707
9 4
611234 17580
506099 21232
22374 480267
67507 159176
11710 917634
337675 31822
74221 144777
69158 155376
38992 275582
5 1
3837 352163
15133 33
3357 332458
3888 347369
15377 32
3 1
383740 812101
914520 988490
458479 554383
7 3
244374 99
25604 2649
26320 2208
23684 2859
24991 2931
281470 86
22267 2379
6 2
28276 2576
27396 2018
29866 2020
28619 2421
221329 71
247109 98
3 1
3464 346433
11311 61
3475 393271
9 5
29946 195228
434217 13464
306153 19096
558279 10472
133331 43848
924462 6324
36018 162316
455532 12834
10948 534006
10 7
21716 2071
20372 2148
281943 34
23383 2293
29023 2874
25128 2312
29115 2942
228162 98
263893 79
20841 2635
4 3
319082 90717
260736 114306
787570 410147
541473 255185
3 1
67905 819912
224865 247598
179016 311012
9 3
655097 104298
740726 92241
212868 320975
638423 107022
505275 135224
132308 516411
205260 332872
663694 102947
185656 368021
3 2
558760 155021
641726 134979
472716 183238
8 6
3944 396554
3013 353753
3182 370387
3444 302764
3611 321485
14618 63
14647 84
3449 345752
3 2
224138 100
26668 2648
24416 2482
10 6
99138 205884
101308 201474
655836 31122
327918 62244
68757 296856
594776 34317
111321 183352
70434 289788
329251 61992
60762 335916
4 2
27654 2483
21126 2962
299697 15
24278 2661
4 3
240344 340989
81335 759443
584377 680562
319568 862823
8 6
40817 480101
227006 865143
800315 8055
468436 586266
456179 659445
896871 685269
857836 143336
748795 23626
5 1
252257 49
26870 2275
29604 2875
24900 2243
214112 70
6 3
3827 366845
14711 11
3969 345483
18909 57
3459 350204
3024 368184
10 7
10072 26
3250 371507
3619 360464
3696 353214
3749 382021
18525 64
14572 11
3313 307334
3829 323281
3539 389760
3 1
311868 361735
728933 335950
371782 932575
4 3
28668 2385
20154 2414
22188 2149
261021 86
10 3
20568 2736
21455 2757
24709 2729
266839 98
262833 16
21770 2379
281669 45
21078 2658
23723 2485
29308 2527
9 6
430647 179699
173159 446912
439326 176149
286086 270502
99563 777265
392114 197358
137869 561307
283038 273415
237874 325327
5 3
754974 20468
58179 265608
128898 119884
121737 126936
329681 46872
9 2
29312 416829
50696 241007
891311 13708
64835 188449
29964 407759
998047 12242
17173 711471
29312 416829
20242 603601
2 1
218813 48
26653 2436
6 4
97406 344719
42748 785480
58092 578009
509270 65933
44158 760399
52806 635869
2 1
128271 237598
193481 157519
10 5
20311 2875
216375 72
263467 67
28586 2063
296596 89
28412 2613
28519 2075
23769 2159
25835 2406
26024 2380
3 1
967430 902571
93959 721484
423704 111814
7 1
3291 388107
3305 340778
3706 347693
3561 381743
14511 34
11640 70
3630 378835
7 4
11594 811188
10323 911064
585684 16058
77256 121737
701964 13398
849816 11067
11067 849816
6 2
589502 118161
466672 724340
905995 412618
695847 107268
802691 654406
142943 178793
4 2
453028 111862
147694 343119
83169 609321
101766 497972
8 3
50206 738334
158115 234442
103888 356815
578125 64119
542727 68301
715752 51790
302363 122597
234032 158392
9 3
3003 397723
3606 372197
10456 71
3789 301965
3223 324148
14159 40
3255 371868
3815 345935
3573 321076
6 4
369847 197599
94933 825858
470646 892303
793771 550556
648940 925501
189620 853056
2 1
644140 65966
82631 514230
8 4
329179 861024
251469 430374
560672 23807
606594 841495
294143 841025
600696 822029
57002 181122
459241 885403
8 5
20540 2863
299821 54
21664 2732
28797 2582
265489 76
21658 2498
28465 2843
28626 2039
6 4
267288 83421
37674 591852
96348 231426
122636 181818
28638 778596
428904 51987
1 1
1 1
4 3
784467 468121
985793 2221
654920 900937
970877 20206
4 2
237505 36
20030 2194
27862 2190
28579 2727
2 1
288942 293726
219519 386617
10 6
16852 22
3009 396258
19084 72
3859 348195
3601 394731
3071 359707
3334 374842
3976 342780
3316 305926
11466 58
9 5
300638 375793
447459 645139
792690 104803
254527 576686
195948 222851
160972 428177
908918 387173
792200 757793
799535 949264
6 3
3597 319816
3941 320863
11652 41
3094 377259
3759 397575
12392 68
5 1
18890 24
3672 345167
3180 354177
10754 62
3651 386998
5 1
3243 377054
3376 380036
19636 66
3903 396820
17983 19
7 2
3814 343357
3678 396575
3760 372355
3294 367489
3233 380764
14284 59
14401 59
8 5
114552 164703
42966 439116
37324 505494
91977 205128
27993 673992
143964 131054
382536 49321
154008 122507
10 10
1000000 1000000
1000000 1000000
1000000 1000000
1000000 1000000
1000000 1000000
1000000 1000000
1000000 1000000
1000000 1000000
1000000 1000000
1000000 1000000
8 5
12792 302841
9614 402948
31878 121524
25256 153387
13202 293436
186714 20748
121524 31878
355212 10906
