100
1 1
540 600
840 900
2 0
900 1260
180 540
1 1
1439 1440
0 1
0 2
866 1050
1050 1440
2 0
841 987
987 1074
2 0
1268 1440
395 450
0 2
1202 1440
403 489
0 2
0 360
1080 1440
2 0
1430 1440
1332 1430
0 2
1401 1440
1109 1401
0 2
180 540
540 900
2 0
1080 1430
11 361
1 0
524 885
0 2
1291 1440
99 510
0 2
541 901
180 540
0 2
1059 1400
1400 1440
2 0
859 1083
1083 1440
1 0
1142 1440
0 2
1176 1279
1061 1176
2 0
1384 1440
742 1110
0 2
850 1329
1329 1440
0 2
0 1
1439 1440
0 2
969 1440
883 969
2 0
1079 1429
10 360
0 2
1186 1269
1269 1440
1 0
970 1102
0 1
618 798
2 0
1290 1440
833 1290
1 1
1426 1440
1207 1426
1 0
173 802
2 0
421 1084
1085 1137
1 0
1347 1440
1 0
27 314
0 2
1049 1110
1123 1440
2 0
1080 1430
0 360
2 0
1178 1440
99 424
2 0
0 360
1079 1429
0 1
1343 1440
2 0
973 1180
1180 1440
2 0
1274 1440
203 582
0 1
359 758
0 1
1097 1440
0 2
1067 1256
1256 1440
1 1
1195 1440
673 1195
1 1
237 461
750 905
0 2
453 692
184 453
1 1
210 449
1168 1440
2 0
333 478
1407 1440
1 0
522 853
2 0
799 1005
1005 1285
2 0
1322 1399
1399 1440
1 1
0 1
1439 1440
2 0
1439 1440
0 1
0 2
185 297
755 1328
1 1
1021 1440
469 1021
2 0
169 235
968 1440
2 0
910 1440
827 910
0 2
1053 1440
284 524
2 0
749 1068
1068 1440
0 2
994 1343
1343 1440
0 2
894 935
938 1094
0 2
1348 1440
306 334
0 1
1168 1440
2 0
890 1117
1117 1440
0 2
1382 1440
687 712
0 2
1350 1358
1011 1274
2 0
524 561
1126 1440
2 0
945 1157
1157 1440
0 1
64 97
2 0
139 278
278 307
0 2
750 816
533 750
1 1
1276 1440
957 1276
0 2
801 1002
658 801
0 2
722 1356
1372 1440
2 0
1225 1440
241 668
1 1
1323 1440
1225 1323
0 2
944 1265
1265 1440
2 0
952 1186
1378 1440
0 1
1237 1440
0 2
553 647
36 553
0 2
990 1440
938 990
2 0
935 1268
1268 1401
2 0
35 163
1065 1440
2 0
728 983
983 1440
0 2
179 539
540 900
0 2
1241 1360
1360 1440
2 0
643 947
947 1057
1 0
1344 1440
1 1
1257 1440
851 1257
2 0
99 309
1439 1440
0 1
183 698
2 0
1141 1440
74 403
2 0
247 471
471 792
0 2
1080 1440
10 360
0 2
75 113
834 1440
2 0
1171 1321
217 618
2 0
1080 1430
10 360
0 2
1080 1440
11 361
0 2
1341 1440
106 198
2 0
863 1239
1420 1440
