99
2525 1
2400 5
300 2
120 60
60 90
443525725 1
40735286 91
311446415 1
305340205 7473
383291045 1
265359707 715
631954377 1
540832093 3429
1000000000 2
2 2
1 3
91015855 1
58902176 4083
711946418 2
596572652 8560
533179571 519
644861921 1
466128391 7209
397086319 1
75948876 8638
466051297 1
290465075 4703
2 1
1 1
665351259 1
300015765 9852
79193498 1
17659351 7370
1000000000 2
12345675 3
12345676 2
334588998 1
261239956 6538
1000000000 1
999999999 1
658054556 1
517994912 2173
400454294 2
246686922 738
308849335 4050
672321478 1
73821906 8059
1000000000 2
999999996 3
999999997 2
368379818 1
225640103 2470
200000 2
5000 4
5001 1
1000000000 2
100 10000
200 10000
162380915 1
116887050 7735
1000000000 2
999000000 1
998000000 1
219594064 1
192861129 8758
983454709 1
730912707 6376
739436684 1
42270035 34
413243330 1
131532569 3157
509867659 1
53202082 8537
315441923 1
72022658 2744
411037618 1
263613416 9139
798954980 1
209921588 694
1000000000 2
998000000 10000
999000000 10000
374694089 1
196774018 6022
49155012 1
45469512 4867
531926184 1
40229535 5233
154429209 1
75388930 4119
244522456 1
33224034 8577
774500499 1
271998905 2478
768502577 1
340096635 4212
64648475 1
312890 7835
84265916 1
82240597 9838
327360932 1
201032705 7176
864545288 1
232948936 2855
2572279 1
653074 4086
794900555 1
530673206 2929
992436343 1
331689192 8579
492609457 1
283099114 3103
420522932 1
250607096 6984
574702106 1
316419024 358
855127443 1
644148432 5300
697654251 1
13120404 1362
21458822 1
20961660 3483
261783937 1
75984354 3770
937376823 1
689085111 6224
642567723 1
463124592 428
414828131 1
139795129 9678
782512184 1
780337043 2174
638499421 1
260549008 7113
682855331 1
237482679 2596
70150302 1
52086621 127
329789227 1
297091073 4648
164587155 1
85406016 7301
742471890 1
439285292 6302
539126280 1
57662947 3734
998266926 1
905405124 8927
76038874 1
61858050 6796
72750180 1
49643672 3591
339363540 1
308749768 9956
787050798 1
353672023 520
787758829 1
694827901 6296
187957783 1
79495969 6167
307863749 1
209230559 3987
658461040 1
893609 7972
798875762 1
682532016 1161
718431310 1
72531637 8126
665259938 1
224684126 4615
989334261 1
215652967 1130
460913607 1
84916219 9894
1000000000 1
1 1
362732439 1
223580499 9479
678429240 1
347506834 1826
785230119 1
49930258 8796
1000000000 2
999999997 3
999999998 2
1000000000 2
999999998 3
999999999 2
799669517 1
274009850 8475
447656390 1
306566505 9527
1000000000 1
999999999 10000
131686475 1
26933223 3226
229867798 1
4499122 8882
750423970 1
482142993 6465
1000000000 1
1 10000
486485358 1
218599021 7934
309390347 1
206400439 3045
36208195 1
26050973 5892
2 1
1 10000
