100
2525 1
2400 5
300 2
120 60
60 90
504296616 18
337924858 5115
173114872 1045
288448391 8059
95943951 1659
176520646 8361
93465910 3415
227954937 579
399675925 7955
439336578 7079
266061231 4700
307905223 5056
464005489 4697
232855882 8151
400705412 5649
262368099 2763
108917314 8352
376904816 1134
114085639 6055
245526001 71
200359084 7892
38124842 5093
182457655 6349
143948558 3927
189405555 5290
5209431 806
125864044 6144
109071574 1482
129109439 8140
65166093 2165
133119654 6113
49154583 2822
223191408 1723
173984796 931
53364002 7987
66634282 1307
42768382 3745
8564226 467
221351306 6152
222117295 5880
67413409 4079
84502581 3115
15961437 5654
107880857 59
206180737 1071
213429643 2541
221287760 815
81650909 3126
76645513 144
213116738 7677
8168589 5704
136781779 7268
27352327 3874
46406046 2426
195803819 1108
51565359 49
25969818 9447
48049513 6156
21342161 625
151723987 492
211598277 9117
75159744 1927
152091362 628
95347861 9574
108582974 6921
127622927 9226
193856861 9430
40452997 2727
90366138 1894
220656971 317
215975834 5605
115304074 2650
66617566 1668
57771382 2249
35397453 2165
240912606 4952
218932201 7966
38461536 8958
61920311 2351
33146339 2568
125019737 4298
65500820 4231
63908204 1420
83388353 9590
222265439 5628
162342880 5549
74754400 1480
95767945 7313
208808004 4979
100462534 722
150016431 9334
454777266 8
79112871 9325
207370610 9212
434150784 717
418548363 3942
41758176 4788
43584232 6895
140489139 2479
169421686 2144
953803190 12
257395458 4310
873812136 8709
156629212 1915
448087339 1239
775570771 583
45077142 4731
725399267 248
502594462 1721
111867815 7
661215187 4550
772709161 2711
883003558 1985
1000000000 100
12345619 59
12345631 47
12345582 96
12345612 66
12345634 44
12345638 40
12345657 21
12345655 23
12345675 3
12345599 79
12345633 45
12345626 52
12345672 6
12345618 60
12345665 13
12345598 80
12345670 8
12345641 37
12345592 86
12345603 75
12345591 87
12345617 61
12345669 9
12345674 4
12345585 93
12345640 38
12345646 32
12345625 53
12345630 48
12345596 82
12345628 50
12345673 5
12345667 11
12345627 51
12345643 35
12345587 91
12345595 83
12345653 25
12345622 56
12345588 90
12345621 57
12345578 100
12345600 78
12345642 36
12345615 63
12345651 27
12345644 34
12345639 39
12345589 89
12345583 95
12345602 76
12345614 64
12345660 18
12345635 43
12345645 33
12345610 68
12345671 7
12345637 41
12345632 46
12345668 10
12345663 15
12345676 2
12345609 69
12345604 74
12345613 65
12345584 94
12345593 85
12345629 49
12345579 99
12345586 92
12345654 24
12345607 71
12345652 26
12345661 17
12345664 14
12345636 42
12345605 73
12345594 84
12345656 22
12345623 55
12345649 29
12345581 97
12345666 12
12345611 67
12345580 98
12345601 77
12345597 81
12345577 101
12345648 30
12345659 19
12345590 88
12345606 72
12345620 58
12345608 70
12345650 28
12345624 54
12345647 31
12345658 20
12345662 16
12345616 62
369672613 100
262675199 6062
131949774 6635
209235914 3118
275657502 7097
253245590 9581
244974866 7368
193718890 2899
18423591 9750
191996712 974
217021420 7522
136402585 3399
122855150 3930
286063097 3540
150650406 6738
311659261 1531
353756736 8581
208479482 7043
68308297 7345
283522517 2152
239353566 2709
286165053 3866
11198840 3149
142520293 3387
226261229 7469
71744516 9558
66635326 482
360068299 1105
105282712 5846
175750755 1959
81804022 3867
178348795 9397
357437631 8044
253812839 7516
334236005 8366
341165260 6868
236608778 5694
24350087 4187
291441591 8015
107905429 1595
125376599 4623
122448828 2695
137754340 5247
223157724 6926
264081120 4996
330500038 1490
247888426 1964
234635084 4711
224632584 4439
157185390 2183
114859665 4259
24916167 242
139318022 4767
364521513 3045
361922978 8572
287689464 6435
120612481 2307
91509948 3150
76217695 9610
134392467 2235
85616816 426
233645324 9541
206807020 2540
279631096 1301
102660195 2638
62043265 2618
231045295 6184
192195720 8167
92116890 6427
245759312 7763
333316934 141
96577232 2600
185040710 3467
331177910 7573
365937939 6362
332856882 6830
146544051 4094
299154110 6429
135734304 1632
225400875 5194
364083164 8061
103644823 2842
326860143 8664
160698309 1217
273375966 3131
359876414 1864
159072051 6428
145770436 9287
338601580 4987
132495527 7126
337288688 6160
356122007 7739
146396343 8386
91844292 5563
332353610 7035
351703010 4701
156312526 5907
340374563 5440
262431096 3980
23427580 9133
214593169 9097
2 1
1 1
1000000000 100
931000000 1
999000000 1
959000000 1
971000000 1
903000000 1
951000000 1
980000000 1
958000000 1
968000000 1
911000000 1
924000000 1
917000000 1
936000000 1
927000000 1
978000000 1
919000000 1
906000000 1
946000000 1
916000000 1
975000000 1
988000000 1
904000000 1
985000000 1
928000000 1
920000000 1
953000000 1
965000000 1
942000000 1
954000000 1
945000000 1
950000000 1
948000000 1
935000000 1
914000000 1
943000000 1
922000000 1
941000000 1
991000000 1
983000000 1
955000000 1
900000000 1
973000000 1
969000000 1
912000000 1
929000000 1
989000000 1
918000000 1
934000000 1
926000000 1
956000000 1
960000000 1
963000000 1
902000000 1
913000000 1
938000000 1
987000000 1
952000000 1
964000000 1
982000000 1
967000000 1
907000000 1
972000000 1
940000000 1
970000000 1
910000000 1
933000000 1
905000000 1
961000000 1
909000000 1
986000000 1
908000000 1
994000000 1
997000000 1
957000000 1
932000000 1
977000000 1
984000000 1
937000000 1
974000000 1
992000000 1
962000000 1
901000000 1
915000000 1
995000000 1
996000000 1
949000000 1
939000000 1
944000000 1
930000000 1
921000000 1
925000000 1
990000000 1
966000000 1
981000000 1
976000000 1
923000000 1
993000000 1
979000000 1
998000000 1
947000000 1
607078957 100
573806004 3064
90412408 457
363460198 6338
7303075 3831
406665964 3386
375394257 7176
305338998 4069
368870149 4643
252872891 4566
214584993 8931
326193604 2414
530953097 7178
357117759 4854
165539802 5419
383730979 2213
354333616 2013
369703399 8974
116013425 1131
14824597 5241
403077162 7282
275270057 7323
304754597 4754
104963249 2375
395424987 7114
377840926 6499
103081153 2630
17594435 6935
301232445 4259
447935321 7400
52735086 7428
606214881 9838
491762808 9878
565911288 7709
92538804 4732
111986913 2988
218093692 6605
271265080 1592
386758603 5847
210021225 3670
276073672 5839
182327378 6398
443445524 2714
567412299 2279
209303575 1732
320244149 174
514599714 35
284074847 2689
553326839 1716
299492875 5487
82174894 6659
25464327 1658
370030122 2334
57468071 4017
165262497 4910
45901762 1667
299579298 3855
25607029 6929
420274164 1900
23617962 9139
245613571 7434
339644566 2361
354638912 9096
99641753 166
23602475 5955
99679597 4037
279795913 5723
13239089 3713
33546273 3934
381018169 926
17957969 2328
332884937 2164
416811640 7261
154549910 7838
328079768 843
343755771 9122
126103846 1956
201128824 980
605010295 6895
132915720 4907
98675112 8251
200258880 2982
477380555 282
83217373 187
464818729 6815
576633800 2525
442807811 3232
114916131 8809
479250414 9116
244261184 9724
482887703 802
342597603 5357
116582717 4935
561064230 7843
227005419 9896
11130615 461
46650022 8028
16823382 9076
583276469 7233
596071148 541
577029511 7637
1000000000 100
999999970 31
999999946 55
999999966 35
999999947 54
999999902 99
999999932 69
999999901 100
999999959 42
999999961 40
999999913 88
999999904 97
999999967 34
999999983 18
999999972 29
999999965 36
999999906 95
999999960 41
999999950 51
999999985 16
999999918 83
999999956 45
999999921 80
999999925 76
999999975 26
999999951 50
999999934 67
999999999 2
999999917 84
999999958 43
999999922 79
999999994 7
999999930 71
999999981 20
999999995 6
999999976 25
999999964 37
999999920 81
999999979 22
999999910 91
999999969 32
999999949 52
999999928 73
999999990 11
999999963 38
999999974 27
999999948 53
999999909 92
999999939 62
999999989 12
999999926 75
999999955 46
999999962 39
999999927 74
999999907 94
999999952 49
999999924 77
999999940 61
999999942 59
999999937 64
999999978 23
999999988 13
999999980 21
999999905 96
999999923 78
999999911 90
999999941 60
999999919 82
999999944 57
999999992 9
999999953 48
999999912 89
999999968 33
999999933 68
999999908 93
999999945 56
999999936 65
999999991 10
999999971 30
999999977 24
999999914 87
999999996 5
999999984 17
999999943 58
999999903 98
999999993 8
999999931 70
999999986 15
999999929 72
999999900 101
999999973 28
999999987 14
999999916 85
999999982 19
999999957 44
999999998 3
999999938 63
999999935 66
999999954 47
999999915 86
999999997 4
100085068 100
38834834 8727
94917105 8089
37592072 8693
48866763 5861
40356806 7616
1642340 463
17186295 4836
10892237 380
85319541 738
87581329 3590
97617922 5530
92324825 6854
38247989 8859
79548942 8213
53635459 4589
36855539 7212
92266632 237
86010178 2031
91115601 590
4791665 6028
65218601 1449
622655 8158
91097498 8149
10046401 147
3546122 2560
52388988 6647
13682778 6015
4437709 8010
41716510 5896
30939557 1024
22737475 135
8946533 4756
85326687 8881
11334382 6699
81802985 4889
91115569 4897
41942344 2805
66380725 3687
88589235 5632
14965634 5113
72305250 4554
49416762 4748
14018126 5629
64174817 8893
76009278 2222
40151514 4941
33659114 9084
81354856 5836
24611876 4735
58808375 3986
96048338 4892
40222248 2080
55920408 5522
36773721 7909
77614346 4993
51583957 1821
1658664 5532
6569459 3928
75218434 1521
35779267 3458
17610935 908
44206106 1081
61342742 6748
91698749 5204
48454713 6797
10914556 5493
55572014 8045
44630764 2247
52045746 8705
53515900 7725
80152373 4249
10535134 1462
5517391 150
3834422 6705
12942472 1116
49798413 2521
77243548 2573
20219273 6329
40044360 3341
97139844 2830
64939038 4459
6451001 5656
23515435 947
95306657 3693
11391715 8025
13839660 923
62056909 9465
24099758 989
17045725 8430
24460249 7372
17880831 8212
9098620 2045
30381186 3842
25265702 1610
81314917 6732
50614780 8099
79626535 735
87033989 3157
51176152 5859
54741404 6688
672102302 14
477211450 6541
625560199 9129
458386598 6104
12000596 2011
108052519 1085
130614895 8702
206509591 6740
173119459 3365
643242341 6500
653426465 3564
534089320 3763
383905363 8323
335516656 804
666117457 6504
204914578 40
148954183 9026
9341157 7621
120992549 6812
18993888 3938
102920812 4897
64321524 6909
161499178 7933
97485994 7285
79908910 1527
172939981 8500
138167604 8683
54510552 2596
36548864 2559
164721658 1570
99686682 5011
69367317 9608
148055858 9476
164845696 4533
177232477 4115
147361800 3506
26815328 6558
197610992 523
82193627 965
57926817 8562
185911638 2672
117931209 9892
177725327 8977
163904423 8039
165343213 1184
91911477 1875
113496296 9022
156154175 2859
166984531 5322
111583326 2581
24445044 6070
53193246 9843
42322735 5683
145760497 7721
139621024 4421
92566071 6229
200000 100
1324 9
8820 3
947 3
7755 4
3509 2
5253 10
7342 9
8238 3
3881 2
2674 10
8530 10
7432 8
4174 7
1228 2
1502 8
5724 8
2721 6
3309 6
475 7
7975 7
3795 8
7675 8
5618 8
1408 3
9651 10
7325 10
8263 9
1289 2
3951 9
1890 6
9975 2
1011 10
3035 6
3492 5
7853 5
2929 6
4401 10
5447 3
8353 2
3546 9
1592 9
743 10
2191 4
6166 5
1288 4
2803 3
76 3
5000 5
6789 3
8879 5
2581 8
2119 5
4208 8
900 6
3103 2
2765 6
6170 6
6361 9
435 6
3285 3
1701 4
8506 5
2589 6
7893 3
5990 5
9307 8
7399 3
7533 2
895 7
2184 7
9732 7
2665 7
5867 2
9701 4
5593 2
6979 6
6677 4
4761 10
1547 4
7358 6
1625 8
3388 6
5266 9
6352 4
9976 1
3642 9
2122 3
9053 3
924 9
9143 9
8936 6
4307 2
8470 5
8211 7
6841 8
3091 5
6610 4
6201 2
8284 3
3483 7
670295552 46
597039108 4305
284788354 1936
84382272 9542
575833818 6227
260836572 5093
660681338 4688
508082023 4563
482465529 1631
401262908 2515
155912387 6861
90326306 7145
372140856 9555
360651433 2264
522692144 6330
327361871 8852
204698661 7157
34255457 2668
381714154 6227
431902837 8549
485468819 8155
279964626 8218
209020544 5550
125648736 3137
248807690 6199
198534830 4216
516556865 9480
273540322 5966
87165612 4344
65364547 3646
467483634 8258
112054526 9881
348046895 6338
657596456 1223
34640725 3623
314010060 7963
274272704 8795
388590567 5956
218213683 5435
223738211 5912
201620343 4588
374663104 7986
65130499 2345
183216252 22
407418970 6551
55820119 1983
138186875 6716
283718505 22
83736008 3238
103815865 7602
84373646 164
101269601 8327
270190658 9458
36767214 2509
182019143 2197
124761466 7167
23753485 867
26974836 3307
283018440 3924
5450738 9834
230551172 9667
51687399 8347
154419150 3748
239432473 1961
175476734 367
111869072 538
57167164 4198
264622558 6143
245026470 6427
7484417 4755
739800165 1
689150344 2852
533696902 42
185788364 158
382652391 3831
273849417 8153
49393858 932
487310630 1333
340017605 624
316591421 6644
23089152 487
212541619 8854
368586235 5285
490308095 6421
438844921 4810
476470219 518
453103816 9019
218728016 1760
459306546 5319
416629749 5356
71713864 9068
394201978 3474
136200607 8706
216629053 1748
499709556 4443
49098568 2255
386928359 2940
246061828 8330
466958117 3645
462141298 359
234415595 7294
522661991 9819
500020942 4410
364930068 2131
384691605 8882
106070221 270
5971131 4014
426805266 3192
67262783 931
206133426 4601
136581555 8918
86248736 8408
79921807 4648
89366042 7320
187503562 1019
680938768 100
376665033 1712
393486258 2177
329342113 7584
34921640 6082
128366034 2000
413936185 3117
10216863 9919
27717140 8243
235132098 2854
547410479 6976
246118058 8257
633415113 8921
288844597 3711
412219856 72
117625604 9410
56110746 4067
430768625 3098
184135168 2585
621571209 2846
327203133 1194
475764485 4068
639201216 6074
633088616 5973
554258245 6911
424319897 344
204779209 2272
592012428 1773
67953422 9534
652864722 6172
525533286 4588
239850250 4804
5603153 2788
431244689 5087
166825579 8721
243238837 9873
462825165 498
459842895 4312
272609 5650
559075804 2390
362026429 1396
373393887 9956
97963744 8040
214611856 1476
287148106 9278
75131532 4823
170402762 3391
69455489 9073
383356054 7180
456596002 4919
460224506 9699
458305259 6237
88253997 3204
170160251 8384
405103263 9254
329943694 6440
330033935 7515
302832704 1706
135960380 6509
501640811 2405
536327259 8157
57918178 885
357115891 448
52894104 2302
447507494 2735
672478081 4414
342169575 97
367955554 4526
223972340 7000
7097114 7535
300338807 5408
151337986 2612
389651409 3832
412168049 9893
339371664 7168
477538903 7043
664126671 9242
185822662 3070
209960420 3307
528735328 144
573907463 8030
10792961 902
43873355 7232
439895706 6897
378637885 1638
553519203 3114
140894680 4197
171691476 7685
649974399 1504
72160589 1497
221526087 9009
291723456 2712
606158439 9385
195463454 9405
669994660 974
294193524 3266
95110200 305
534566901 4342
30390863 3064
550735054 9434
653322366 1833
552017241 12
242513060 5666
354960341 2411
386040237 935
313264707 692
210027271 2367
451993968 1207
105775526 6358
72155025 8962
305480703 9907
407470781 4145
496920308 4422
519956808 438
200000 100
716 5
7575 9
80 5
7479 10
3866 8
9658 10
7387 7
5491 10
2914 4
1784 7
5291 5
9749 2
2715 6
2519 5
3576 3
5010 2
6630 5
3852 2
7077 8
9152 3
5756 9
8906 5
5690 10
1022 6
4647 9
8658 9
8134 8
7678 5
5924 5
4069 9
8785 4
1391 4
4723 2
843 7
7838 10
5963 5
2235 7
2765 4
9710 5
6061 2
1441 8
7609 8
7642 2
6871 7
4483 10
9599 8
3585 4
2249 4
1691 6
5181 7
2575 10
9732 6
3784 7
919 9
4421 4
5494 5
2983 6
3965 6
9860 7
1807 5
6476 3
7447 7
2451 7
718 3
1782 8
2411 5
345 9
7046 6
9637 4
1906 6
9787 3
3776 10
6945 10
1787 9
7470 2
9933 4
9934 1
8987 7
7392 2
9659 3
6713 10
2056 8
5664 9
8240 6
7069 5
2539 9
5419 6
636 3
4428 10
2810 3
9747 3
7958 7
561 2
5939 8
5000 5
4649 6
5222 8
7344 9
6529 10
2903 4
200000 100
3955 5
3533 8
5959 10
2207 9
8990 2
3602 6
2149 6
8924 4
3754 6
8619 2
9692 3
5253 9
6927 8
515 3
1646 6
9138 9
7092 3
7977 3
8739 7
9759 7
6035 3
9623 8
6969 5
1882 6
5439 8
6400 2
5271 10
8152 4
7488 8
952 7
3705 5
9056 9
643 3
1024 7
5187 4
4631 7
8420 10
5944 5
522 3
1179 7
1689 9
9838 3
9885 10
4558 3
9017 2
7263 10
6575 4
7106 10
6820 8
2496 7
6396 3
4627 7
9429 2
9968 7
3124 6
989 9
1150 5
4562 7
6971 2
5000 10
6751 7
3885 10
1490 9
30 2
420 9
6734 10
3479 10
3458 7
3164 10
8263 3
6321 8
9969 1
9460 5
1669 3
3925 2
2859 4
6114 9
7555 6
4548 3
6957 7
7234 5
4657 7
4729 3
1118 10
7112 8
4429 8
4166 4
6515 2
9514 9
3738 6
9218 6
5136 5
9398 5
402 5
3119 3
597 9
2485 3
3054 5
5932 9
2971 2
123017312 14
4438227 2364
13334043 579
111422361 7094
8459112 2510
52342963 261
98973636 3686
64073383 9957
72347332 7597
65705844 3745
77354249 4152
91433266 7798
41246151 858
48209911 3812
77736364 3159
729692954 32
686591815 791
261635382 1063
158837392 6100
522762775 6692
627667170 7369
393380553 7339
467303454 9862
81570493 4146
640854495 1306
440039053 9180
78644410 1221
658345621 50
352889405 3511
656199306 2537
639427507 1856
627436437 3265
415661543 1442
566170638 7677
107027867 9999
65001482 4798
188226308 4224
578346291 2002
631264289 1445
30325758 7439
597965403 3341
495733764 1691
645644568 5659
154861474 4989
408060870 4990
269958793 1527
524320596 8146
545318060 6892
801996830 2
224054611 4632
42734764 6145
878922530 42
314118448 7867
569716219 2919
195348240 4323
104151074 8435
761423555 502
102082899 1892
835261540 2026
60006232 2025
170149911 6443
698246011 6466
53174859 30
617826978 615
483406784 9347
56611471 3268
347535016 8442
73088042 4132
365363401 8435
139380627 4406
614473286 3247
231163562 3078
630638085 7576
602928504 1551
203044195 2683
137648215 2198
685026677 6841
353024055 8623
526554242 2081
329076037 8965
588088504 9790
637024552 668
378146651 3247
184302283 5141
212941292 7413
383574273 3597
55355067 3655
199670539 2376
359259168 6695
866518472 2719
128816873 2300
131516360 327
462005732 9912
551452246 8077
1000000000 100
86 16
29 73
25 77
73 29
32 70
88 14
5 97
61 41
10 92
98 4
47 55
27 75
13 89
84 18
65 37
24 78
16 86
34 68
11 91
75 27
52 50
63 39
70 32
15 87
53 49
77 25
50 52
55 47
96 6
87 15
99 3
76 26
78 24
71 31
6 96
38 64
14 88
22 80
66 36
3 99
93 9
60 42
97 5
44 58
90 12
94 8
21 81
100 2
23 79
9 93
83 19
2 100
69 33
20 82
40 62
62 40
1 101
92 10
41 61
33 69
46 56
17 85
37 65
67 35
43 59
91 11
35 67
48 54
85 17
28 74
59 43
12 90
81 21
95 7
31 71
64 38
57 45
89 13
7 95
58 44
56 46
4 98
82 20
54 48
74 28
51 51
42 60
19 83
18 84
36 66
79 23
45 57
68 34
39 63
49 53
8 94
26 76
30 72
72 30
80 22
232583628 15
31473424 2275
155638510 319
37497248 4989
122163198 8839
163701031 9463
91318385 7216
228764947 4251
208142935 28
62849948 3416
137425194 2033
223626292 8081
3302097 8339
216790376 8154
128184162 3292
179699515 4827
36009835 100
31256089 3316
11294520 6373
17237918 5913
22623361 5760
4693072 5117
29449659 8852
1455449 6906
21391286 4087
18959406 1815
23354786 7849
20969649 2814
4179954 908
28211599 530
16619545 4788
32812440 5475
451494 1113
21748459 1176
32863728 785
29139227 6408
2430375 5245
20897323 2405
10113582 48
1962017 8606
362841 8469
26061211 6362
24521137 6795
18439552 8307
1732048 2645
23965703 3337
19149480 654
18778886 533
8944301 9616
3365666 413
940760 5367
33168705 7049
13871348 1922
23661812 363
19439656 3650
21040477 8794
7101075 4185
34547113 7229
22870381 9928
5758062 1919
26149871 719
21922984 8979
17057364 1794
16608610 1371
35921180 4281
29939381 298
23917579 3245
25928381 7105
22576466 2037
5084900 184
30137350 7503
6066882 4008
20581045 9030
26117264 513
11140221 7557
3393883 2723
26203479 1288
30075729 4712
13481060 7713
27966322 7150
25082686 6931
34312818 8685
29932597 1184
17040560 4817
8695043 5559
33118860 5689
35315422 5689
22446043 4274
24194099 8306
28916387 8746
1181203 9626
12036452 7751
26039839 8450
19215848 2675
15391017 2218
11819572 2553
2313270 3896
12457094 2301
31424343 4882
21816082 8038
15830178 757
18728233 219
5107539 8151
23765739 9180
23503909 2221
4424827 5610
5542814 3979
6035410 7598
150912 3843
30075071 4929
3902862 1019
23807289 7581
7300217 6713
3821224 3146
28785979 1216
23816368 4469
18074732 5454
345134464 100
136377070 8872
226697680 6946
284082789 4214
161526710 5897
268525192 2586
165712916 2500
245687928 1074
163350591 5068
67497973 5936
18022600 4256
89023482 5526
306651564 8038
56224671 5714
294528043 3270
33283134 6788
3864935 6519
216849577 954
71048804 7820
283240384 5548
102244141 7967
168913772 472
245192670 6462
39218496 6345
309478527 3373
267889816 9675
154080459 1150
336558633 8293
100512312 6340
68454924 6624
213956207 9301
110455805 9843
124942443 5132
337806937 6808
60039606 87
164956360 4590
181680052 7397
143505579 927
195836449 2098
70785878 6953
298695292 2012
150756873 410
200615519 9711
93523589 5732
70247138 7036
74890993 1207
29672881 1903
119728963 7748
344142762 8721
189592631 6977
119126102 9809
338887970 2875
298250459 2831
159149707 1178
319764813 5434
80695895 3390
59336889 173
203160348 4535
92913284 2055
806675 3053
45819567 3091
163467797 2475
225573681 5601
12271792 6159
82255969 3853
328968967 6763
62122648 9563
164335347 2475
221718306 9492
208257985 2616
86772424 4110
71272713 8328
201485993 2034
83684898 836
186081560 1115
131403594 9970
258550226 3812
222279713 9832
133176823 6856
270405230 6547
156531780 7687
232445101 6826
252013602 8972
111300495 6519
50010197 2358
197375492 7518
24744477 3787
147518278 3175
46152341 2588
84743699 115
161123424 724
135756734 2554
166179842 3655
251925529 1308
151926723 7256
152858779 4111
211739870 1896
174616928 7471
290769193 1069
330309851 16
144467806 8065
602476372 54
137413672 8398
312233612 4874
210685933 2630
489091730 7529
9526121 1280
515629141 5620
356038259 3589
404368396 2978
362739111 1955
326246492 201
67040817 9252
215519700 655
402644826 7444
130236132 4762
490349776 5938
259636745 5453
210576418 4570
160281355 6750
266949500 970
482538476 2538
587112471 5046
370300080 4126
565569384 2835
307982598 2672
10136575 8235
131689794 9582
228300349 3424
161296148 2217
308548043 9540
210736199 6484
156722637 9929
411755502 4191
181978748 2166
351598181 6726
207052006 2844
315190734 3232
285384417 4574
384721329 6392
193898425 9923
218488732 794
217994554 4141
478221839 6973
15418127 1874
212892720 7086
89199677 5056
107211467 8944
471347459 9478
227727278 9793
303460000 9574
330439271 3515
384974671 2702
178043918 9228
113490335 867
267577840 2877
1000000000 1
999999999 1
271806058 13
126481235 2548
254027354 4390
66262367 9227
131715589 8522
180137895 5642
252181375 5235
257092562 9864
132493890 5265
62439261 1173
98768743 7431
65534253 9666
217680095 5721
260692339 759
353904194 26
98230751 6779
314981967 9699
76493606 9536
35495538 9914
174551096 6282
306720354 1334
241243083 2406
154829734 9721
347611635 693
202204724 3242
348780081 5558
166767577 6277
101231764 7834
318332151 3980
234090430 948
81354540 8148
192409200 4444
241004773 9419
57114401 6656
75185867 2500
284347128 5837
182596259 5912
196586583 3993
10176132 6505
131243929 3932
340345318 467
584533295 60
371128240 351
69239849 5112
333261674 9006
103047429 8706
439693844 8526
11090876 7265
72218787 5160
357332973 504
55596831 4222
214274005 957
126839623 4008
226403938 794
252815466 9013
452165013 4946
335419865 4048
407647560 6502
209578778 9597
583119192 7531
168347455 9448
95688873 3045
495869397 4374
62191544 1545
404668148 9751
248994440 6465
543693927 6530
455850584 4584
276936880 2740
370731769 403
570349476 4087
489162115 1473
497430114 9107
384232670 9033
540669663 2293
486724398 1336
133957920 6797
194493573 4759
448922883 2940
33542892 9974
35087691 9785
257813680 131
524914393 335
468568469 9232
269141080 4755
68600139 2961
501623658 605
25274054 500
200989606 8238
397127579 8131
160348850 1369
498365630 3421
288548531 2898
252221893 304
536455556 686
93102866 5117
109955141 6411
416642420 6939
481847128 8769
220952176 4658
59528861 9988
290082463 70
257818986 72
26922114 9856
73322875 138
12904833 5060
136007341 5835
23869930 4065
115528763 8798
162219772 3847
48499667 4085
59146460 8617
241468912 4779
59880477 9796
112953133 8096
163570252 4783
82656296 1258
251509757 441
239311840 6064
3933518 7609
57751929 3294
67430707 8361
17592203 711
119446816 4292
104233197 5699
205779045 5315
112255761 3402
43867757 3072
20106199 5456
81204448 6190
123801534 1908
2424073 7119
102321912 7426
40555422 119
152427032 8813
42812330 5856
227895591 7341
142441935 1377
118259972 5851
100278475 1257
127116356 7588
180000391 4486
29092070 2400
27434785 416
135225830 5732
80270894 5174
209940559 6565
234143547 3412
252514875 9670
71168581 7151
130062093 8691
194039492 722
25927055 9057
233477725 8980
87071697 3734
161477592 2971
86790164 9642
234544519 6812
4137686 6480
2610789 6276
110470407 4140
165553491 2843
58379515 5997
168229620 7152
94787482 4894
138933334 8236
139236062 3612
70460980 8149
47196025 7363
218482677 8717
152383196 1274
45721894 7455
223710116 1709
231788264 1054
191622654 8756
265640735 57
7277557 992
125360457 9805
165209421 5401
125606768 7414
37653780 7707
147264543 2419
152563061 4600
238733712 9290
68924708 9797
123482886 2771
111409430 1761
242424678 451
125333009 5763
231402098 6710
154809118 8019
149617265 7794
194928738 9007
85842973 7416
84199587 2744
217071799 929
104733666 3735
43650630 3004
100901204 3041
36977372 9214
97809625 8393
29123550 3993
54932232 9643
67989061 4960
65982825 8004
102559045 8043
196918256 2793
29954035 8756
169235496 1250
117144820 5428
70572672 877
9563243 3791
180335874 6266
156534182 9179
49428781 43
196883260 5149
201647646 8347
141166963 9425
219626705 2257
106812467 1662
116421671 1560
231332561 8813
239952425 214
4227593 3750
264025092 3574
220757161 3547
257884864 7772
21780737 1133
187602175 2481
105590105 9316
135073461 7265
44292571 9967
82356216 2015
952182214 2
472113191 6895
320296101 5620
453536570 28
98280283 3161
317940188 3965
243841591 1912
281229163 695
273529933 4877
436929719 5987
197831987 1223
420330016 9227
29323408 9536
196425379 3883
206908047 8362
89264267 9751
41750041 9612
384637219 6348
265330369 6906
208852165 5157
328039455 8107
153733873 8741
258010282 3112
246150277 9622
77643196 3057
326926793 1112
282851694 3806
230161701 146
440553929 4258
384533851 586
231559674 1435
264379977 3275
781353461 19
470971542 5261
282992593 1808
653634703 6375
92948659 4689
583649119 9399
62895702 5260
177485204 5364
44196662 5606
353615820 6667
117424134 7430
206950477 4302
507282651 8086
506931724 4369
526163723 6557
249228031 6237
110583572 5831
244140307 6111
433332128 3491
530426301 6682
353605203 5
202819091 731
151094825 3218
63756493 1407
197610033 2178
101527379 7963
978245580 13
401221780 505
545189434 7357
677013082 9839
63300777 6620
874281809 7643
890278032 2680
51776095 4618
186361120 6831
78681363 8615
967049376 8488
899295339 4706
441176865 8510
692866176 9461
140923169 73
103281908 4903
55581540 8484
81213447 621
2531947 1028
118045906 2452
114378177 1433
110159702 8793
102316692 8950
17557665 6295
16443573 4972
16271914 6302
80112955 9658
22698009 9225
100003367 8488
46138962 1968
58596784 1892
44416103 7823
38455758 1838
132953656 6719
56711419 4469
43570193 2537
45198571 6093
92229654 9148
114079892 6500
109853571 2392
60158790 1330
23555898 2129
131365718 4434
85088216 3486
17518004 3767
131166484 2240
14690069 8829
112919883 726
102869375 3271
131323826 6241
27293626 9651
7347592 9690
78938238 6260
47228081 6666
37391910 6922
108319686 1040
80229232 1428
6219406 4444
76252207 7599
27249055 6822
36896464 7460
134468226 7784
32800037 9334
128359776 8252
17515335 7435
86930343 3874
135374945 3474
91232348 8770
62794132 3434
30737479 5729
44707207 8089
81108552 2060
11710783 1425
99357824 7623
123764645 3299
66851392 3545
105253764 4864
711099 1612
105574950 464
82779312 718
5064409 1495
109320210 4740
99344899 8805
110958985 9092
21309944 5887
94786347 4122
95516698 1989
50317349 555
638234077 23
536541166 770
600694704 949
506041906 9676
400462070 1973
112672919 3620
348019543 4485
365896829 466
537607567 8397
460983449 3197
13471421 8007
310210509 9565
195759857 8719
465694264 7422
413514315 3400
529810272 1585
217801612 3251
404670140 6968
73201812 3678
476210533 2994
304194465 4960
377916820 9195
148502100 9721
22801702 8171
662289717 13
615915972 6905
100163208 5504
620521380 7072
75206751 3455
536308269 89
432078572 395
231116442 6614
334055368 1082
313635944 8052
258215901 9696
177570510 9303
394195887 392
71452244 774
200000 1000
7805 9
5427 10
570 2
9016 10
8726 6
8846 9
9284 8
4049 3
4954 7
399 8
9572 4
3125 3
202 5
1474 8
71 5
556 8
1110 10
7371 5
8638 5
4384 7
160 4
7709 3
9917 6
4190 9
495 2
1291 7
5029 10
8830 6
8814 2
5002 3
3192 6
6342 3
8219 3
2724 4
4224 6
6725 4
3477 8
7694 5
9391 3
1944 8
5421 6
6537 9
6083 5
8598 4
3328 7
5282 6
817 9
2705 9
7605 4
9627 4
5489 2
982 8
469 9
8015 3
9321 2
9333 10
6278 5
9382 3
7931 7
1327 10
9736 9
8534 10
2762 5
9897 3
3706 10
9180 4
2608 9
7525 10
3455 6
6543 5
211 10
5729 4
2459 9
5591 3
490 4
9678 3
6958 6
9071 5
5545 3
5917 10
3130 8
2465 3
6251 5
9049 7
6921 2
2683 6
4172 8
8720 6
8450 9
4157 4
9312 10
9642 6
3464 5
6878 8
3784 10
7114 10
6273 3
3521 9
6976 4
4542 3
8425 10
3285 2
6152 7
9551 6
6020 2
9140 8
1722 2
2523 10
931 6
6953 7
9963 10
8058 10
7779 5
8382 3
8909 9
31 2
3931 5
9046 7
6588 5
174 2
9206 10
2844 4
3253 9
5986 8
4984 7
699 2
1674 6
838 9
5083 3
1996 2
8947 4
6368 7
3408 2
635 2
8192 6
6365 7
8100 2
4236 6
6900 10
6764 10
7028 9
800 9
6089 7
601 2
6540 3
1264 8
8339 7
2518 8
9777 10
392 5
9931 7
7339 6
2066 8
8972 5
2101 4
9337 9
3274 2
7732 7
4543 7
5265 2
6920 6
4558 3
6290 10
3165 3
5260 8
7726 4
2213 2
5349 3
1989 5
896 3
6758 4
4922 6
7809 8
25 2
7462 4
9540 5
4079 3
6941 8
820 2
1238 10
511 5
134 2
4341 9
7273 10
2215 7
7225 9
6350 4
7134 10
4640 3
1135 8
2404 9
1203 9
2815 9
9684 9
9661 5
2379 4
8107 4
8563 8
3606 10
9079 4
172 8
5495 10
2299 9
1146 7
8198 8
3679 4
2313 6
2347 4
4801 6
6701 6
3868 4
9872 6
2776 5
1929 8
4020 2
7783 6
5402 5
6057 5
5246 2
6988 8
2052 10
4349 5
4435 9
6789 4
8439 5
3248 3
9811 8
8133 5
6686 2
1535 10
8602 4
9077 2
2373 5
2372 8
4054 5
4347 4
6134 4
6738 7
4893 8
6135 5
814 9
1312 6
4195 8
5106 9
2357 8
6721 8
8730 9
2589 7
8332 9
9139 8
3742 9
1417 8
9463 7
8181 7
8433 8
1579 5
9640 7
9092 7
3638 2
4713 5
4671 10
7030 4
6751 8
3766 10
3750 5
3527 7
5633 3
7232 5
7758 4
7119 10
1933 6
1863 8
5302 4
1695 7
4743 7
7739 6
9626 10
3850 4
3709 8
6557 5
1315 3
1869 10
452 7
8441 10
1116 8
232 5
685 8
350 8
1800 5
1927 7
2198 8
1559 7
271 5
6669 4
7583 6
8427 3
6168 4
282 7
9104 10
6065 6
1828 7
9648 4
4669 9
3256 5
4397 5
6937 4
7873 4
2391 2
3386 10
5826 5
1675 10
4338 9
6940 4
4607 6
7670 4
9882 7
3010 5
8145 4
8667 2
5390 6
7824 8
6179 7
6404 7
2329 7
3676 4
6565 7
3997 7
3231 5
8786 5
2906 4
7977 2
5749 6
7365 7
9721 2
6760 5
8341 5
4843 9
8117 4
5687 6
1055 3
3216 4
7398 9
4811 4
5745 5
8028 8
295 4
1677 4
456 3
438 9
3545 9
548 4
6305 6
4638 2
486 2
4618 7
5786 2
5244 10
3603 5
65 3
8650 5
381 4
5929 8
5499 3
3900 2
8779 8
6863 7
8148 9
330 6
7743 5
1841 4
702 3
8512 8
3949 2
3849 9
826 6
3089 4
4063 5
8091 2
2375 4
8357 4
5414 4
6570 3
3482 4
2995 4
772 5
8232 7
2633 4
5568 5
7168 2
6303 8
116 2
7051 10
5564 4
9313 6
7187 6
7 6
16 10
7698 7
602 2
8999 8
6165 8
7926 9
6698 3
7161 2
1416 6
2868 7
8224 10
9024 9
7305 3
4420 8
3647 2
1897 10
3237 10
5711 9
6492 4
5214 6
2282 7
8438 3
5605 2
4889 6
4150 8
5763 2
995 9
2088 2
6017 9
8820 7
7223 6
9329 7
5557 9
8349 2
6982 3
7956 7
2096 3
4658 10
5312 8
8174 5
1174 8
7627 4
2604 3
3919 3
7032 9
7209 4
22 5
1390 2
724 8
8858 6
6042 6
3713 6
7181 3
3878 2
5306 5
2781 4
9105 10
40 9
19 4
5010 5
7513 8
9748 10
279 10
528 9
6396 5
3600 5
4014 10
7796 10
4417 2
4496 7
4986 5
2539 10
2505 8
2033 6
7472 9
4957 3
1485 9
5757 8
2259 2
9650 8
4283 4
8711 10
9668 10
4246 9
422 10
3457 3
2276 6
3547 2
1113 10
8321 5
5771 10
1222 6
4673 2
2260 5
4824 6
418 10
9189 6
4354 2
9925 9
9348 8
5949 7
8524 2
863 9
8316 2
1970 6
2200 2
6581 8
8606 2
8865 8
4707 6
9439 8
9151 7
6411 3
9791 3
8715 3
6122 5
8834 9
3783 4
2871 2
5407 3
4474 8
9717 9
9146 3
3310 6
9472 7
1553 7
3929 6
1505 2
7044 3
1216 7
5211 7
6141 8
5310 9
2127 9
2676 2
9834 2
1577 4
9699 6
1793 10
2643 8
8136 4
2670 5
3668 7
7980 4
6978 8
3000 10
956 7
5746 8
4549 5
9166 5
9020 3
5660 9
9081 6
2490 3
8066 9
4501 6
8384 3
7985 7
6268 2
5093 6
9976 4
5173 7
8163 9
7577 10
6799 9
1879 10
7950 7
2041 7
3718 8
7637 5
3669 10
8470 2
8955 8
5001 6
6771 7
6991 9
7380 5
6453 3
8899 3
4473 8
2597 10
5166 3
3229 8
8397 4
4372 5
9733 6
2727 4
8588 9
5688 5
7185 8
4951 3
815 6
1988 5
127 8
6607 10
5470 4
607 8
9623 2
8732 7
9134 8
8337 9
1757 2
2564 9
8430 9
4203 4
184 5
7705 9
5668 8
5170 5
3385 5
4177 2
255 5
2710 10
5047 8
264 4
8815 4
5053 5
5125 2
5023 2
1564 6
9069 9
7021 7
1578 10
9810 2
3119 2
9918 2
8550 4
1486 4
8333 4
2859 8
5594 9
6542 6
4096 4
3038 9
5737 2
2830 5
425 9
7851 3
1460 2
2188 10
8021 6
5197 3
3074 2
3227 2
223 2
8269 2
8682 3
6485 8
9214 4
3044 3
6091 5
4207 10
4252 3
1137 10
8202 10
6339 6
9115 5
7970 10
5200 7
3643 3
593 5
4371 3
6906 5
5907 4
3487 4
5527 2
1171 3
8740 6
4106 9
4690 8
8895 7
1426 5
4385 6
8395 4
5061 4
6204 8
7362 4
112 9
1926 7
9574 3
136 2
4539 2
8322 5
2463 6
2134 2
5967 8
6777 3
5558 4
5756 5
5870 9
2126 5
757 4
6674 9
5547 6
9258 7
1445 8
3708 6
1019 9
4019 9
6140 7
3262 5
5013 8
959 5
6851 7
2335 2
5441 3
9300 6
2121 5
8657 6
3008 7
2482 7
4303 5
2555 10
4102 6
5947 5
3434 6
3940 9
7357 8
2525 7
5526 3
6838 8
125 8
6977 3
7656 4
1362 5
8215 4
2100 2
6015 2
4879 10
6187 2
8461 2
7063 3
8507 2
830 2
1292 9
1481 8
2782 4
1951 3
5696 6
7434 5
660 3
8653 5
4484 2
8141 5
3181 5
7071 10
140 7
1648 8
7212 9
9327 6
5455 2
9116 4
5389 3
6765 10
1427 7
5479 2
8575 9
3755 5
3958 7
4955 8
4039 10
6154 3
1396 9
6313 6
2414 5
7396 5
2328 10
508 10
5531 9
5101 3
1728 10
5000 2
8037 3
142 8
1664 3
7541 8
1303 7
2507 4
5809 3
1904 8
4038 5
5259 10
5206 4
2579 6
9545 10
8466 5
2942 8
1761 10
4564 8
1645 7
9582 10
821 9
7060 5
629 7
8093 5
3399 4
7150 3
8150 8
4724 7
9594 9
4128 6
3539 8
8268 5
1126 10
6478 2
5571 4
4906 8
6101 4
2883 10
1778 5
4447 6
5393 4
9331 2
8390 8
2998 2
2920 3
5795 2
1022 7
2131 6
2521 7
3834 2
1506 3
9998 1
4950 6
2900 7
3090 4
8125 10
1349 9
1930 7
3388 9
2242 2
244 9
5661 8
1918 7
1444 3
4751 6
4550 2
4486 7
8178 9
2558 6
7958 7
9129 6
9997 10
8480 9
5852 7
6276 8
2333 4
3032 7
3472 9
480 5
4821 9
6146 3
5465 2
8529 10
6944 6
1073 4
8924 9
6950 6
1494 3
1358 4
2520 6
5522 10
1698 3
5950 4
4761 7
8467 5
8998 5
4153 3
1172 4
3185 3
4091 7
2061 10
2930 5
3467 6
2406 9
6506 3
9202 5
9050 7
6559 10
1652 7
8768 7
8157 9
9990 6
6914 3
4716 4
9269 2
7152 8
9011 6
3335 9
455 10
3133 3
8143 9
3327 2
3224 3
851 8
5890 6
6445 4
2156 8
2426 8
1923 3
6282 10
5405 7
3623 3
9779 8
2344 7
2279 6
7534 9
8408 6
3719 6
9675 9
302 8
6653 10
9536 8
7253 4
1247 2
9238 9
7116 4
6696 9
298 5
8287 6
5818 10
8422 2
1477 6
1379 7
3635 5
2191 6
4131 2
2455 3
4727 3
6207 5
2541 10
9914 7
5300 10
2691 8
33 10
7491 10
3210 7
1537 6
2256 9
8501 10
186 8
8401 5
9656 6
7898 9
9724 4
553 2
8818 7
2155 5
7610 5
2796 8
9356 7
1791 5
5021 9
2674 5
1491 7
8414 2
1450 2
7425 4
1593 6
1639 4
48 8
5285 6
6338 4
8565 3
9148 7
7024 3
3582 9
1756 7
949 5
9535 7
4278 5
5630 10
9292 8
2081 4
8110 8
1823 8
9147 7
4186 10
8963 5
3747 6
9512 5
7445 3
8587 2
231 8
108 10
6483 4
6304 2
1109 5
7581 2
1840 8
9368 4
8090 3
7521 3
7830 5
4334 9
7584 8
1743 8
2772 8
1091 4
9121 5
8514 3
7298 10
8200 7
8625 6
117923501 22
57001390 9764
99647367 4011
85050173 3625
24196715 9019
22920551 9283
113445337 4106
627466 8385
57592706 2611
67339652 4651
3345711 3864
4630978 9266
39204315 4946
26570113 5809
116320061 331
39305827 228
14829587 4409
47845674 4112
44330711 2990
36630605 6308
86582367 3722
75908353 9414
52376421 1467
731120479 100
43689944 5728
343964382 9393
293705169 139
212116976 5277
231056929 7011
504169148 9003
341979208 4016
584858101 8103
269018613 4725
300697846 1018
438501679 5540
721671004 8651
714268747 1386
466697896 2590
591109168 6047
264436721 6308
401792596 6473
517427832 6431
69447388 3407
296753371 4027
506810051 963
69143597 3781
434837888 7200
577334638 457
29826460 2410
136425152 4120
721009880 9379
184794645 7521
243988533 1148
726534639 5356
401727205 290
322501574 632
135018746 2437
357969087 2857
389125521 9647
615786488 1566
163787175 4096
419589539 7275
369759909 4163
396472126 2319
402643158 5487
7453343 5600
266904685 2805
62932448 6681
723792831 7335
77818351 4496
525908366 3164
425187318 4944
260179130 7527
85317297 1238
709720660 6765
300861342 6783
407811260 4841
271708075 2403
498923281 7306
547679174 4487
477722990 7337
166680192 9174
492348015 530
205412407 3317
158891865 593
12400639 7927
389667415 4968
40529475 6210
695170459 4739
679868319 4529
75030665 8043
256772003 9706
157222294 7992
108499627 9156
665106297 4559
587694662 9368
411528177 6652
65735798 3858
460054985 3078
550978563 6785
683806335 5894
160260990 5318
299791006 9716
503910715 2921
555880901 3396
431778977 5800
569480768 322
453879289 9439
558825968 6885
535620281 4000
95616418 8518
188801633 9925
4478308 1472
35324525 7938
33433105 6573
313679154 8245
57985606 8830
678591112 4825
706486952 1442
556402019 5802
309027634 6670
620014832 5886
187405504 4812
634571393 6124
624882115 16
594183372 4777
91935621 8899
162969120 2594
103737192 8115
468980803 2588
270389253 9954
161949092 8113
170511718 9664
607124146 7233
367432632 1621
333062715 558
397326398 1085
575060463 9313
206777737 3506
84587024 1716
225053944 7465
785255277 100
532649115 6988
99089345 1165
695426767 5978
581984296 4213
151168722 5359
670134992 8793
137810348 1553
27784437 8318
537193209 7924
554191589 6749
546054362 1290
414897062 463
547956771 8716
84468807 925
381067973 3303
423949262 2570
728742427 9603
482634519 3127
330895102 9166
145625273 3298
777076391 3098
673781898 2822
283050023 4711
600268381 8254
474931664 8978
376995013 1366
661663536 1970
657664310 3532
262505547 1227
200404643 7523
617370721 3530
743694180 6048
26150225 1918
593969044 7252
620208206 3431
572807720 1040
562299596 2107
685960848 3292
565664395 4983
539312767 6841
318802218 8377
595660306 9190
312106275 8735
540437091 9581
716229460 5182
600541671 1334
672171518 8924
521510277 292
4569979 5278
646121258 9302
519786709 2381
303661202 1665
68185516 4209
585951814 4357
538820951 9558
158820188 2762
470772135 4621
778652988 9132
439135727 4471
131990774 3238
140572584 1478
126593518 8799
633758964 7674
80719471 8876
98719386 1051
79822690 8952
468152332 3400
337727099 6693
14921358 7356
779440306 2824
772242094 9648
582254135 9227
538373857 1148
456987627 1930
256230452 8868
139206904 4062
528170302 5875
374303771 5754
141984347 1718
525932584 8733
443509910 1430
510113940 4524
433401867 6465
366077484 1194
267702477 7948
462507717 8849
387329495 5376
727856470 7638
564908986 4250
75685666 7049
309215806 2427
304632935 1415
243299503 7552
717284235 8825
327783220 9602
660054231 6558
119642787 2537
376742826 5970
607860608 4168
284837158 9785
127945509 36
76580253 4009
8398380 7236
35306251 6152
106985687 2645
97684888 7599
51578458 5846
38353408 1907
5271970 1770
58718925 3335
112461903 9674
122100281 1099
94639568 7560
6982827 8281
109271939 9090
104302068 725
84142561 1399
39188197 4130
8129791 5322
45150948 468
96865019 5632
4378809 9776
57102431 3127
33230613 5601
54730866 3552
19236851 8804
49191368 9562
18287073 8602
16869639 7405
40341734 8635
25841827 1801
96411794 5464
104747339 7499
90286833 5017
102409148 9099
37857462 9720
1897339 2781
278765858 19
195725614 9180
20907282 8277
243688805 6504
227499406 5041
33864421 1169
241591761 9689
97106907 9511
265636245 5891
214779959 7247
95646901 236
33912448 8145
237389988 5481
175525077 8706
244769134 8553
173636388 1641
255945489 6370
150324505 2846
59021412 457
66884417 6563
963149870 43
711579607 7048
594675905 1413
442091021 3044
234124738 4221
91050124 9893
926352678 5010
929408058 394
407091494 832
351680614 8589
228341876 8445
297893278 7818
355320681 5500
948594715 4550
950833307 6569
27978429 5214
276220816 8189
417860724 1505
331631501 7428
847321642 778
872222064 9702
790420773 2686
319993676 5215
904841386 666
373614126 2891
800302207 5051
219073971 6148
268344626 822
269948884 787
135668194 8424
599357457 1944
113519289 8660
431910591 5656
210239582 3994
426774926 8886
272846330 4685
418911137 199
941582513 2482
635815511 6958
173464697 2384
806026683 4122
481890669 4325
334956398 4548
706470488 1338
417406526 5
4549135 2370
149991795 4821
83582146 2349
202404578 4962
297679448 8947
200000 100
7359 3
5063 7
4727 4
779 7
557 2
7208 6
4912 5
8663 7
8528 2
3093 5
4718 7
9041 9
4162 10
5457 8
608 2
1695 3
5115 3
8097 5
6886 4
1183 5
1763 9
5208 5
504 3
4372 8
6426 7
4180 7
8837 7
6721 2
8688 5
1793 8
9434 7
6102 8
6459 3
4556 9
9468 6
3004 7
2875 3
8897 8
6360 10
9145 10
3821 7
6034 9
2069 9
6237 3
946 10
2034 6
8588 9
3988 6
5451 3
2813 7
3976 5
9717 9
5427 6
6693 5
8732 7
8013 7
366 9
7161 9
4391 6
6600 10
8994 6
5271 6
263 5
3002 6
922 8
4595 8
3794 3
3792 6
7218 3
9981 7
272 5
1096 10
4090 9
1299 9
4478 6
5000 6
8899 5
5437 5
1378 2
4825 10
3549 3
6266 7
9159 9
6746 6
5762 3
2419 9
9982 1
2756 2
4431 8
1634 3
3174 6
4031 10
5034 8
4334 6
2301 10
2668 9
1640 10
1157 2
3404 6
3160 9
23070420 9
19427211 4727
2208076 7812
22768485 256
3361065 8935
12141166 4740
17977742 7691
9676360 7660
18956096 9797
11346584 4625
560665765 6
358246626 8795
57231700 6902
363918495 8925
89654433 9765
82140342 5509
407896472 5132
404136919 39
314625192 9272
285113307 3629
259318751 8798
131043 6892
232108839 9415
86010585 4277
194393552 5655
160661565 6061
298516752 3102
73659036 7683
209389244 7798
276386761 7387
155645637 288
368413373 5409
263589800 7511
244586677 1318
128600126 9796
1847272 6815
141758787 5735
350956022 8089
245901783 2675
392167757 9545
56671452 6910
387307940 6639
41880456 2659
173519581 7325
224966574 5610
70088513 5032
13947612 7991
105173807 2297
171888135 4424
231734383 1258
277538697 5787
233467052 3630
317707486 6975
329624418 8056
230915647 6010
195017360 6274
192691007 9661
955167963 5
476134062 1808
598987614 7267
136905880 9013
28271021 5467
124425513 1505
335021279 9
266632260 1379
111787509 7038
177783515 6156
83522000 7011
40313239 723
257782160 5805
320110886 6021
315094611 1850
192386139 1663
853503287 14
85906640 5176
341086363 1950
605169140 4840
186505627 2562
624010778 9850
211199739 3114
237140829 3018
586280211 8941
305783985 5078
422726041 4079
228080713 3161
621026058 7777
544944682 2810
4189029 7330
1000000000 100
8900 10000
6700 10000
8100 10000
2100 10000
8500 10000
3800 526
4000 500
1300 10000
8300 10000
8200 243
1900 10000
3100 10000
10000 200
700 10000
4200 476
300 10000
5300 10000
2500 10000
5800 344
8600 232
3500 10000
7400 270
6500 10000
5700 10000
7200 277
8000 250
600 3333
4400 454
4500 10000
1400 1428
3300 10000
400 5000
7600 263
7000 285
2400 833
7300 10000
9900 10000
9000 222
9100 10000
5200 384
5400 370
3900 10000
1600 1250
9300 10000
9400 212
200 10000
3700 10000
6900 10000
6800 294
2600 769
2000 1000
7100 10000
4700 10000
5100 10000
1100 10000
6300 10000
9700 10000
5500 10000
2200 909
3200 625
2800 714
4800 416
5900 10000
6600 303
7800 256
8800 227
9800 204
5600 357
5000 400
500 10000
7900 10000
6400 312
9200 217
900 10000
2900 10000
7700 10000
6000 333
4900 10000
4100 10000
1700 10000
2700 10000
6100 10000
2300 10000
7500 10000
6200 322
3400 588
1800 1111
9600 208
4300 10000
3000 666
800 2500
1500 10000
3600 555
9500 10000
8700 10000
1200 1666
4600 434
8400 238
100 10000
1000 2000
200000 100
6446 4
3776 8
2711 10
1921 10
1072 6
5587 3
9165 6
2837 7
840 4
4933 9
9538 7
2276 5
1693 10
9781 2
6729 2
9400 9
7333 6
595 5
2378 5
9330 5
5076 7
2338 6
1447 10
1940 3
797 8
7198 4
4235 8
5940 5
271 6
3915 7
3862 5
5630 4
9723 2
8022 2
1810 2
2542 4
141 2
3258 7
8200 2
1081 5
9245 10
6747 5
1949 9
5623 8
1507 3
4160 5
8610 7
5312 7
3187 7
267 10
316 7
9389 9
2121 4
2399 7
969 4
5834 7
5000 9
7669 7
2471 8
377 4
7302 6
6818 4
1785 9
9596 8
1923 10
1116 8
4828 6
6701 2
1726 7
5610 8
3788 8
1102 10
2147 5
1807 8
8450 9
1998 3
1442 8
5032 7
4091 7
1268 9
2168 7
1580 6
104 9
1772 6
8476 10
205 6
6544 3
9355 4
472 3
5015 5
76 3
6213 3
1886 7
242 4
8144 8
4510 3
9147 2
7475 8
7362 8
9782 1
313098522 37
271472071 4196
137171657 5878
232113449 5365
135540048 5183
249722489 8916
75572466 2303
259634305 2319
44832634 9770
147840988 2733
28150217 3337
80233186 7177
288495176 4081
195328588 8421
127371337 969
28702031 5242
283665430 9293
117030292 1387
19475632 2204
59042462 9592
205072756 9609
293448140 7330
130923971 3175
280956035 8792
18393317 9560
116725329 890
178946471 9619
272906583 6263
182944653 5035
121566382 5680
32335174 3330
293916777 7260
100510497 8677
131363249 5124
240168617 7388
232787478 3451
141026262 6899
87900346 6962
183421842 2
51993343 7034
36386878 1877
1000000000 1
999999999 10000
1000000000 100
900000000 10000
992000000 10000
947000000 10000
955000000 10000
964000000 10000
940000000 10000
962000000 10000
913000000 10000
929000000 10000
932000000 10000
957000000 10000
917000000 10000
973000000 10000
951000000 10000
906000000 10000
963000000 10000
981000000 10000
942000000 10000
997000000 10000
961000000 10000
918000000 10000
911000000 10000
910000000 10000
959000000 10000
952000000 10000
984000000 10000
993000000 10000
967000000 10000
931000000 10000
970000000 10000
908000000 10000
986000000 10000
976000000 10000
944000000 10000
912000000 10000
902000000 10000
969000000 10000
923000000 10000
933000000 10000
989000000 10000
958000000 10000
903000000 10000
915000000 10000
916000000 10000
977000000 10000
994000000 10000
965000000 10000
966000000 10000
922000000 10000
934000000 10000
919000000 10000
956000000 10000
943000000 10000
948000000 10000
907000000 10000
920000000 10000
905000000 10000
924000000 10000
935000000 10000
991000000 10000
972000000 10000
941000000 10000
938000000 10000
995000000 10000
987000000 10000
975000000 10000
946000000 10000
996000000 10000
945000000 10000
925000000 10000
953000000 10000
909000000 10000
954000000 10000
950000000 10000
979000000 10000
926000000 10000
936000000 10000
939000000 10000
990000000 10000
901000000 10000
998000000 10000
985000000 10000
949000000 10000
974000000 10000
928000000 10000
930000000 10000
914000000 10000
927000000 10000
960000000 10000
904000000 10000
982000000 10000
971000000 10000
983000000 10000
968000000 10000
999000000 10000
921000000 10000
937000000 10000
980000000 10000
978000000 10000
988000000 10000
592364875 14
424963930 7240
312476454 1121
194260282 7773
510110122 8147
513137604 2107
140152823 4457
461597549 1591
110031414 9911
249840543 4734
503970357 2004
381182832 4532
435182210 4409
296729797 1123
494215420 8344
786181909 25
515156658 9269
528417203 8680
294733589 5096
210678603 3524
660051281 4760
720519890 2980
395789371 8218
48697846 907
100985762 3134
411580511 3926
146355230 9261
565171738 7311
424585251 2489
237072698 894
169110647 5739
555592109 9578
227041285 7136
141323756 4269
654324046 2513
181088764 3664
28061187 6792
578185571 5349
458375115 9695
171047566 3001
152737574 9718
32898205 20
10747072 145
12435142 6260
27221893 6819
18449374 5211
28399912 5347
13331893 7407
29928095 3477
12759775 5303
8221890 2405
15772357 4092
32373364 9184
26633653 2513
3523691 3099
5718286 5323
5981698 1296
24247119 7594
16073576 3943
9451644 1595
7633955 9154
1541106 7078
704330586 100
372103864 8562
287631786 2708
358686306 6009
405669380 5777
21428620 5373
43887760 9492
400940318 9223
609085231 1992
1412648 864
92626690 3207
200185958 789
699135238 8642
488999151 7983
163850181 9127
73826407 413
360644477 4539
91868030 819
618772302 473
343538287 542
411668124 9558
585128893 6442
408994677 5259
439817447 2441
658640093 7589
555847741 5688
124528447 5296
574778170 5292
233701209 712
76513423 2692
349294565 4499
458235511 7699
244949663 4457
82827877 6722
467640356 2984
551799245 6449
375278730 1164
273154453 6178
374455993 9744
245973085 358
191938396 6727
552603839 8510
532092005 8440
313371955 7469
525850941 2179
119745317 5699
438628755 1809
607039985 3535
507129010 9322
233220252 9236
179628676 8851
140903712 3815
624024517 5304
283794492 4637
304500717 3108
467604531 3448
84564695 2787
243013563 6346
624152335 7776
471172796 7777
414831484 3220
131463297 2797
643480415 5808
701178258 9686
643492843 8095
435303889 9439
560256914 6356
228289322 3051
495784788 7602
597741742 3791
459992819 6852
619165742 4807
346020488 4137
234391528 5497
491131382 3657
514640418 6030
641247778 5706
295216035 8952
206164639 9794
85783721 1601
571180174 4788
442937334 719
545247066 9865
559665058 8097
186863733 2603
603403702 6723
106928706 9094
273731643 9062
34559043 38
58692617 1829
385420748 2457
441044853 8206
225033199 7614
144649965 8215
102899316 8656
242410123 6564
310976724 4879
17477482 1584
484879791 5912
137888977 9467
243938314 6234
414240250 10
14268659 6099
293441759 1296
45394592 9739
285604581 3990
326862359 4017
121386362 4698
335455076 3595
3304642 435
200794769 8188
21739785 1145
88721735 25
76097908 2975
46173166 3903
23179013 2910
48115748 7870
19978741 7932
2283851 7956
49920056 5254
87379724 3442
60415856 8617
37731047 1237
47274292 5957
52820421 5882
76283922 2246
16962365 7405
16666179 2944
24478845 9514
45478417 4991
27335524 6316
23856670 7405
55678498 2131
48764577 8760
64368479 9018
47365222 2172
83503795 6760
19051309 38
1000000000 100
999999951 49
999999927 73
999999919 81
999999973 27
999999967 33
999999957 43
999999909 91
999999921 79
999999996 4
999999948 52
999999989 11
999999937 63
999999976 24
999999962 38
999999947 53
999999945 55
999999905 95
999999931 69
999999998 2
999999968 32
999999924 76
999999981 19
999999901 99
999999958 42
999999939 61
999999971 29
999999923 77
999999992 8
999999952 48
999999987 13
999999961 39
999999978 22
999999906 94
999999953 47
999999985 15
999999946 54
999999914 86
999999966 34
999999916 84
999999912 88
999999977 23
999999920 80
999999990 10
999999993 7
999999933 67
999999917 83
999999994 6
999999938 62
999999907 93
999999929 71
999999935 65
999999960 40
999999904 96
999999928 72
999999955 45
999999975 25
999999911 89
999999963 37
999999902 98
999999940 60
999999913 87
999999983 17
999999943 57
999999903 97
999999974 26
999999915 85
999999950 50
999999984 16
999999997 3
999999964 36
999999995 5
999999991 9
999999979 21
999999959 41
999999972 28
999999941 59
999999986 14
999999970 30
999999965 35
999999900 100
999999988 12
999999936 64
999999922 78
999999934 66
999999930 70
999999956 44
999999949 51
999999910 90
999999908 92
999999932 68
999999899 101
999999982 18
999999926 74
999999925 75
999999980 20
999999954 46
999999944 56
999999942 58
999999969 31
999999918 82
254910210 2
210187017 1543
175500474 3358
959399546 17
55759717 3844
331177537 7987
789863641 2591
895498927 8954
954036572 8667
284344291 1083
724063802 1227
723372016 8685
497257328 1877
90106094 8773
204146994 9677
83909536 1909
381143574 9482
23369261 4515
77140101 7838
783396906 6038
453434502 6767
200000 100
9192 2
8019 4
1437 8
5176 2
4456 8
8806 8
1084 3
554 8
9256 3
1749 8
8359 3
9347 4
1894 10
7595 7
630 2
175 7
8042 4
9008 2
5684 9
1604 4
6050 4
164 10
6959 9
2028 8
3418 5
2060 6
5874 5
1222 4
2946 5
2708 9
6413 6
6894 7
5159 4
7707 2
3278 6
1631 10
5536 9
1473 4
6187 9
9239 3
5056 5
1100 3
361 2
4831 10
4442 4
4751 7
9392 5
6625 8
9999 1
7125 2
5488 3
803 10
2002 9
7545 9
3566 7
6867 7
7266 10
6163 7
7243 8
7935 7
1372 10
5670 2
6490 8
2839 6
7185 4
5407 7
2870 5
383 8
6771 6
5937 3
3136 2
3730 2
9831 3
543 9
5050 10
3589 4
1873 3
5944 3
2023 7
8136 8
5000 6
393 7
5825 8
2274 9
7533 8
9998 8
8524 8
7107 10
2602 3
1111 4
5224 5
7655 8
1107 8
7117 8
925 7
774 2
2340 8
6506 5
7377 8
8784 8
415388480 75
185499501 1686
325565128 143
283032850 9116
164966965 2663
94104242 9283
284539820 2140
158001775 8242
288451171 3618
357498719 9888
265613354 5641
357567577 4966
234463391 9751
169097329 5996
260175553 8802
44617864 3438
256619453 1300
18327562 7015
44858777 2108
414170619 8134
212685591 637
251388790 7978
408850750 4694
368132575 6352
324136641 9175
103260290 2593
72625080 6096
102755160 2907
115765471 7069
174610679 5542
362853192 6797
275822331 1791
152482859 7118
389417763 2718
149235653 8377
385725241 4691
183933717 783
44956367 3870
221776996 1480
154561624 5477
261397261 1494
49120578 9130
70744670 6419
366979899 7361
382224230 9165
106693347 2282
245196960 6172
102089998 9257
123438248 3313
352867139 7058
366836187 6859
125794636 7500
381830704 9776
224140308 720
119145655 8298
89201830 4416
281202625 1521
191176197 7428
227036235 4909
128772871 4763
361975410 7704
257933575 8886
247789690 1240
331591049 471
140936289 9928
38511135 5423
100609297 6318
200980367 2439
253512761 3118
384550220 7348
415212619 1898
396703797 7630
89801405 1206
162993557 46
68041323 4760
294142143 9853
2 1
1 10000
214291966 1000
106470540 4203
177926600 712
39806314 1029
60884962 5048
6996382 5641
108841801 3931
136007363 4222
113668186 9746
174554545 5969
161155009 5926
17342997 6597
64104632 8568
79547792 8297
67540103 2352
161010875 4452
127922928 2149
161258059 3099
20673290 8049
197311710 6499
129987377 7699
170539656 2636
35003613 8563
19878915 7290
114618840 7219
100220964 5244
65896419 6903
187091209 7378
111044061 6797
178714290 562
114336672 7546
190464344 1100
55895476 9434
194562513 1129
105551647 6673
120217255 4331
176077310 1081
84182635 4116
144124980 9317
72435699 9980
95349426 2033
167645115 7691
25870913 1695
115675195 9008
174547262 2233
148942082 7778
137618750 7417
116265930 6406
94283135 3668
173491532 9737
5721509 438
104862381 3112
105574914 102
171123807 8218
160547491 7406
12407903 7216
98449885 9470
170157703 6000
49351822 9459
191669623 7686
139999221 7775
137315350 1158
31230069 7666
69200728 38
127906235 5183
148270625 6280
131625544 9188
139685496 7993
200930968 4288
124704816 5925
102848402 9421
144037300 5735
51361 8524
17461407 2398
157156715 3972
61642873 4413
193461413 8491
5777974 609
84448505 7586
18346155 9960
193434519 2644
173512953 5181
155951064 1447
75305805 2579
36380283 9972
95288128 1539
161573190 6777
3552865 8909
193325738 8344
129001771 1092
16721152 7967
211717450 849
123209579 405
150612677 4228
36522675 4601
194153915 2196
213781811 5615
135774234 8340
98237386 8727
106118415 3955
97957101 1847
37080239 5640
109960356 217
101970042 2664
84871488 9182
154049789 152
137334809 2342
34764552 3002
123438440 3428
52464260 4854
89535835 9163
35255108 7049
65126549 7569
153126028 8012
67299784 7738
191492195 3782
96177379 5102
105292424 356
116367509 6724
115881767 9527
65071626 8919
54238937 1696
186698209 5129
81474640 3527
91256724 1500
212600914 9523
132555672 6771
124315556 7874
2923038 8460
18341919 6606
91138739 5796
65524735 960
169572657 7658
126298180 740
143568244 1881
138349843 1036
119927444 7747
179144353 706
43446588 9911
179878224 1267
31937921 1087
60188693 3739
172207000 9794
101607374 6031
115710000 5558
208385780 1321
80323328 6145
26269445 1595
85729866 5546
86572751 2558
188894650 5733
126881764 842
55657335 3127
116090871 1472
98185776 136
54261715 4646
194233523 5099
110154315 4555
75089329 3293
54824723 1467
54392495 1844
96343629 3126
83128507 1369
177817970 2168
73447630 5058
137019312 4598
199917456 5486
61890953 6700
112813019 4191
55793705 2314
168445618 5844
197614017 6681
75923330 849
64187141 6850
85410747 3990
137338469 2108
163230323 3555
68971281 6686
208097767 1726
108291860 5560
150502418 7503
77803891 4001
144577762 5333
208013841 2999
20932218 9871
39983660 902
48786160 1980
170286266 3644
6842751 4739
17307762 3704
172617943 5441
107670096 310
22647105 4042
26767862 8728
44916886 6582
193359324 2184
209391420 6960
1724473 1497
11468466 8848
168588331 7333
52647340 9933
157968948 1434
146897722 6134
117133849 4969
89633645 860
138280423 3867
99987997 3621
177781237 5834
26451247 9080
73388260 3408
127135683 281
201630853 5278
206416828 8039
158155421 9098
202574095 44
1225622 1724
4358134 5929
196980635 8231
194032776 972
30854703 4766
62027151 9800
43661287 295
151281919 5675
57347639 6533
118631636 5326
48991048 9576
62180891 2850
10581282 1503
41621274 963
105292456 6516
61864060 5599
24993617 520
208072445 5423
176875782 4976
126365020 966
122595752 6304
207969599 3325
195529714 2151
108006051 6628
16609686 305
98419831 2881
178342316 6371
146024739 8775
97826244 7275
117711889 5412
207631814 4156
139153405 1478
155650255 7695
57230213 2146
159539191 9709
57597997 2887
73380258 8244
139542079 3797
1407999 5651
185662482 6298
74015900 1197
150697103 5896
65093973 5532
193592284 3412
139855789 2755
84884952 5018
113275236 9938
56455215 2239
30611185 3776
3631282 5633
31086831 4732
183801800 4392
210945100 5967
179558641 1153
48601116 5951
203913147 3889
212872643 5241
183526012 2230
86256363 496
37558296 6221
59104840 4085
159393457 2873
100252531 6620
177779956 8889
84690570 7872
18825988 3597
128639352 4536
156854737 7749
153021286 1836
70277886 3180
96967646 7978
2846578 3940
53736906 2897
126292361 6757
193970616 7629
64931961 1127
84916541 5546
106576845 4610
184732373 184
69513044 9936
91191615 3450
7953317 991
53765188 9054
25128895 3160
116039078 6608
124705939 6820
160261329 9009
10754425 7737
65853973 23
10373056 1703
23904147 5947
112798957 3648
2021436 3855
100349850 839
178143257 8138
56893502 7818
85440236 7227
139544979 7485
161327749 333
1207006 4613
143168909 1931
32809863 5771
92458609 4578
95358369 966
112399215 3847
26463680 7952
132308075 4893
148745190 4346
213239338 7510
56911790 195
73207849 5849
61391795 5491
10553659 7837
115907079 9472
147335925 7237
177708843 2045
58294345 6762
21966502 3541
192654770 7400
159048976 1535
103943655 467
202110812 5198
143178523 8816
82839804 907
71318110 4466
96855760 7351
131037715 2075
1125615 2120
90354266 1484
81906663 5772
162470897 9516
129749492 8071
116155046 8965
142401668 6922
178644287 872
18433128 3831
166748852 8330
155561165 3497
62778873 2685
207375646 1019
71373848 508
91276755 7160
137710790 8257
186665304 4803
112628117 4091
43709066 9198
201748578 6174
203640135 791
55134318 2740
108358783 4145
8239104 3992
99439048 4091
182007803 4620
206673446 6646
178485365 2492
108477205 2717
11502932 9065
188606176 3031
39652653 7768
103610130 9971
184295854 9173
119826347 8371
145805945 6543
129025570 5882
63967075 6289
151065101 3213
6981501 8330
204464497 6865
58423580 4486
91020836 2176
52979231 5293
176499452 793
121284438 3983
184878240 234
110367371 2145
187789792 6587
3934229 7769
62645747 9661
203700237 4444
24473381 9352
194954676 6210
104898225 4963
53730621 1233
34991984 2413
147605197 224
167100576 2819
31692184 5648
200346015 3633
2098698 7799
155754769 8810
66375226 5653
60623725 5266
69376142 9874
94639248 338
94035221 2780
71495954 5789
75346571 5182
151249647 3028
49322396 6972
162510444 7699
197788127 7947
148846682 2490
129663663 9513
82935893 5236
8223385 6206
175394732 7118
65811490 7099
33072507 9444
37408177 292
84329763 5299
122341401 1002
173966577 8147
8871330 4558
109401490 9732
66312578 8384
43472697 9208
23168298 3150
168885808 3892
10131209 2964
152474123 6186
137614020 5750
32610706 8339
106108517 7549
45343740 1060
67028907 1626
191445042 5192
141078268 8537
202037939 4795
9217932 2393
79850271 7527
90457146 752
31183670 6455
214104386 6356
141250803 3743
56771564 7044
184656770 2528
155937985 5926
16172555 52
57510642 1066
205403693 4912
3102152 2286
42809643 9772
124104893 5825
177444179 9367
138863575 5497
157872016 4257
131847410 5042
124858608 5774
152405397 9951
76018589 4405
197750039 1441
22750442 6035
91341988 1912
80611648 6951
16319220 8064
137734494 4523
87462913 8715
97434537 1362
65798585 291
204947972 4717
136050919 9896
111322905 316
145285497 3166
27020742 8681
10930950 5497
31676097 8890
26866213 1049
125954432 5085
157739710 1547
209245784 774
211756217 857
209927097 1125
50222522 839
142455563 1828
197861321 4341
87941956 1022
203788715 4331
176282344 9038
98181079 9271
119847717 3732
118771842 972
164152789 9434
121147631 6120
54324609 407
70083347 9954
118449673 3467
85853820 1539
146303600 8178
152275128 1273
14819963 3098
48285991 2390
11038518 3411
140479404 8746
78742363 7951
31057828 6554
93771991 2651
43780807 5153
143828492 6477
187657861 356
184694886 5024
207542640 7162
164101398 3779
50038421 6676
164637077 6386
102978356 1638
94049907 9871
36523745 7511
1524425 9994
34718943 8743
155878387 8180
105998892 5281
149731776 9762
180514587 2274
61756725 985
76099396 6690
38500593 1024
52763093 9012
81497191 364
154935325 5873
199018364 1200
133814545 5822
102526945 33
17730749 5984
137186138 1024
203540471 6909
26654388 6838
207477407 8023
30595517 8758
65627571 8808
6282666 8469
212726015 8319
186038375 9045
141725547 708
171448690 7762
117934298 2539
155267750 7168
88571132 6347
60688554 4917
183882916 6412
57857840 4697
8053164 8523
11820111 8961
16720716 2565
175158376 1288
204532083 1383
184136143 1897
36272924 444
170675373 635
136785208 6430
33389676 2473
117874923 7046
129290182 7825
154461522 2911
63590263 194
78408680 4948
129239786 7849
86313138 6282
33633169 5847
23238449 2451
143294890 947
155066410 3578
167506043 6447
196833261 1282
119166858 6740
136098439 4329
93719628 8994
82564382 9319
95170848 5250
209217179 7300
23557521 5028
160585742 2301
17329975 8824
38654568 4203
58717147 6706
3217486 2486
25878405 8177
43112485 4979
204265613 4874
18999286 1020
53415243 8367
212861870 1808
156206905 5702
32848033 350
120699432 1206
60884240 8078
205321560 7395
212957280 7482
135451369 9810
197845300 3682
212299386 612
42303058 4471
136491200 7070
103352455 3848
134446057 6318
170376245 2303
25742751 7084
205929404 7494
50283929 5581
13422951 8660
39203181 8492
111231637 6352
192748723 5550
86176606 5665
119399841 721
92459843 7038
172941512 1351
208348099 3278
95840394 8791
127225479 2857
204786483 852
26012782 9979
191861719 3826
48366405 7117
130935175 4324
203956880 2045
58176876 3282
23407336 4097
176683869 4390
22274642 8391
181890707 1419
186420798 4279
69800088 2560
9153898 1829
141247507 7782
87333244 5333
157678033 3768
57504064 8358
167377060 2941
195482960 1626
38462702 2891
95883270 1645
39088162 3030
180932566 4735
212997917 3320
148678870 7903
97617648 1243
174262907 4434
99473493 5545
208511380 355
122253966 2485
67308392 638
109243595 1018
43239484 4039
92002979 8275
180723651 5516
135681767 2414
30239408 4984
209559119 9526
151683578 6061
78616962 8610
148741918 7974
20632216 66
212274362 3936
129270576 1430
30416356 4810
78699857 5893
136727610 3017
210609372 4543
157012882 2187
144253870 6325
43324613 9481
99638618 89
139919020 8189
186662108 1463
12644457 6474
32896161 4579
70350721 935
37261825 5042
26426897 5012
55019641 5076
116952755 4754
119819907 6643
90314729 3187
167480608 6681
6850605 9106
60095700 7424
16591755 175
180675667 3551
112898282 1367
6634456 469
15517617 3917
38866450 1030
95959837 6387
29269020 2407
102497585 4545
94706570 840
200635701 9869
127958988 3717
184372307 2646
195956738 3168
146219737 3782
74912809 6098
186104372 3032
52975555 5127
77162326 6164
117707816 1277
188394118 1638
142719593 7327
80981187 3242
6158579 4571
165616280 5164
205844443 3840
60428921 3913
7019510 6199
167929519 2538
87923517 936
72996180 5813
131661776 6013
113687853 2309
10074785 2670
30723890 153
18222715 5230
40563160 1465
27335809 7004
58437683 5166
113363706 2059
116401695 8723
165869420 9625
212877709 3902
181507557 5410
188564997 4459
104084957 8689
27089364 403
197308131 4439
112542077 8482
98043630 9619
162719853 7235
211755 322
32949630 6754
187546566 4430
180992712 2581
152025276 9196
3353441 4883
123475342 5169
103813012 3604
185512386 4894
176711684 1677
210863698 4565
43734660 6259
28381 1526
202915626 5923
152407892 8627
207969044 8580
34670200 9689
107721485 1651
144752881 2814
212666101 3119
47617398 6975
172168231 4825
181077615 9892
42143216 3332
121465967 6699
129755692 4472
103627547 3814
213258059 4489
99138804 5874
137191408 8855
32457710 6297
7164153 7253
159812280 9674
48050966 4410
99139647 1039
12828952 9817
19131544 7594
20413282 3323
38705178 7044
88094306 361
116214717 2725
208516726 7513
146680458 9737
36509244 9424
1755145 9037
59860933 4281
38383186 2405
193469158 3377
151838623 3298
109223292 4943
208566192 4190
136853756 5381
85969758 1293
76808273 2817
130510558 3212
87560907 5695
85713207 2650
113239498 291
10847273 8250
200352974 9919
197268470 4975
15443530 231
173017058 115
181427108 3851
87179844 3728
184179269 1438
16008644 7474
61062722 6145
189334095 1660
153500689 3257
27634301 195
122055436 1270
70517996 3661
106368586 739
149509614 5365
50395189 5212
63449766 2610
34912762 6083
117474052 731
99574766 5816
165286683 3204
140311437 6352
193023907 7578
144608193 1225
64797839 5657
42733533 9358
150994341 2368
1622914 124
35787894 8276
133539937 2076
127205629 9856
64993672 4855
114362426 5100
99569549 9346
175862533 2397
209582010 2076
132111642 5997
7791489 7029
165590156 2898
136773544 7123
96608235 607
3979116 7311
115962243 967
87907384 6085
173327898 1367
57504468 8183
14991710 2178
37457932 8338
62579822 347
166859263 8104
213491773 2569
97306664 9565
142587040 8425
189172760 3583
99310793 3878
166239103 9858
50796955 8684
172847388 2857
85143605 3328
155055745 6168
24579032 2092
104901353 1683
8328711 349
188680275 9363
111992242 1057
84815882 1234
52711432 1930
140885223 3832
49397000 4327
46370830 4302
52191008 666
101823959 2504
109728170 1787
82923470 6886
95382939 6150
51255087 285
81555892 7410
44477949 4997
109786320 9772
3078522 1183
93521164 5606
207930842 437
84010432 5174
51937386 2723
80515468 2115
31151816 3054
212127715 2630
167392256 1733
46133912 1563
51011488 8787
28306621 3627
31863978 1773
101772806 8502
166959087 9627
39725411 6293
25361155 7451
74582905 7085
173363285 8518
93093865 9406
73818833 9149
192521113 5089
455396 6028
112670365 510
9127451 3750
163294804 3549
179313806 7068
41842487 6402
168971153 4614
86531448 2332
68025110 9261
164613517 5234
213922259 8348
148454540 4288
143190046 1394
14384297 5749
106447182 5125
63960944 6264
172113165 8593
181290895 6140
10587075 2583
88102493 505
192666850 4471
35124295 4736
146604742 2395
176726140 6447
45323796 3355
50118661 8970
54418073 2916
161076344 1140
17970420 5733
73671509 4181
115364839 9338
110860309 2742
138359021 1059
93617119 879
40720888 4804
60474142 6261
118898369 7567
104016157 4400
12635092 245
54637461 3000
111907126 8394
193060521 9585
173680563 3668
6622459 3407
3247469 4606
91637967 7946
157822163 5872
62459741 4298
146790441 4658
91515240 9216
51368843 1021
47328123 9342
30291003 9032
31579217 5112
197839512 3499
99228063 1798
12105700 5882
168262637 2024
83160622 8296
107014337 4641
152351796 2502
179487996 5977
143224407 2297
53643916 1458
146514896 4534
124977127 3170
49945543 189
99099920 233
132448701 1912
150404462 2070
191485353 7556
24393417 5352
202244351 3238
28485979 5193
22903784 2633
159489196 5145
78331607 8032
160723249 7319
94873445 6186
92156811 1235
186799101 128
29962513 8707
178659862 7729
174425158 6911
139807705 8594
187860175 3147
29734001 3565
35667581 2460
78699554 3842
3631056 9523
159904667 7625
32093972 5632
8418210 3240
63775148 3445
207986990 6671
199435125 3452
133756708 3607
6927868 5864
211234606 74
195981926 1377
168633618 7545
126762884 4839
195018194 7918
151332041 6721
54493021 2440
180109124 9011
131598579 4338
145578626 7100
140069422 839
78640447 7655
151096099 2219
6556443 6462
132929180 3931
189343521 1099
35931156 8286
87820659 3210
152202329 4360
153253078 9146
139351400 6445
93268047 9821
129668437 4628
117568158 3952
156825599 1779
94628854 9523
187385543 5906
167578356 6375
148792555 7434
145888469 4821
72087412 2837
119221409 4729
199837873 4581
112481751 6734
106155560 8245
193227546 1435
109787449 9982
156085801 7980
204495614 2271
162713939 638
53184582 3326
176835601 5288
81486805 8500
25969469 7300
111137361 2980
151757142 8451
75995041 182
103713511 6616
48763709 8442
139659771 7007
158643472 6005
193583223 780
118814148 5333
27774459 9485
126383934 2799
156045747 8515
94875153 1922
11496673 3763
123356330 7499
49868840 1341
108050771 6678
3858388 6781
170201174 2207
613780 2099
178889759 9819
103999513 313
17439604 9955
22031773 367
160177088 1922
149251726 3087
72402408 6657
95047484 9893
2529386 1438
174941603 8256
124579781 8778
461990256 33
291849074 2867
239872181 998
414086447 3212
102199981 1526
424866493 3496
220310763 2263
423815913 7287
267596741 9732
197189014 7421
298223941 5919
38867907 679
106759845 7526
219121062 8761
57296815 5539
283739298 3086
318699353 2836
273645504 6319
283749414 3727
279602935 3547
175482397 3540
353620010 1924
322595356 5800
312093237 3837
372212976 3383
388109676 1423
126331727 8780
414135992 798
256072570 9012
108466733 4343
405022663 2458
149552611 2226
383601637 4435
266363256 4186
200000 100
2836 2
6258 6
5186 5
2651 7
8281 3
7491 5
884 8
1285 10
8779 2
1396 10
9014 6
7235 8
9542 7
4287 7
8448 4
748 3
7227 8
7394 2
1762 2
4423 5
6444 2
8089 8
1037 3
9906 6
2422 6
3011 6
5111 5
7079 5
3221 3
3694 4
9508 7
2151 4
552 2
628 4
3952 2
6118 6
4288 7
1307 6
8951 10
2646 6
3668 4
5958 2
130 2
4664 5
2168 8
1456 9
3501 4
5869 9
9622 2
5574 8
4276 5
6067 4
9391 6
1 7
2917 10
3688 3
8456 6
4038 4
2876 6
7727 7
1457 4
6305 7
7606 7
6712 3
1046 10
9944 1
43 2
4581 6
6474 5
1137 6
7999 5
2058 7
6880 8
6113 4
5000 10
9856 5
5325 9
1154 9
5103 4
8846 2
1423 6
1936 3
5452 10
1888 5
8001 8
1312 7
2493 9
9943 10
6404 8
4671 2
3555 7
868 8
6306 2
5626 5
3201 6
2761 9
7932 5
6149 5
9006 4
2164 6
1000000000 100
999999927 72
999999980 19
999999961 38
999999921 78
999999925 74
999999905 94
999999934 65
999999965 34
999999947 52
999999995 4
999999930 69
999999983 16
999999904 95
999999952 47
999999920 79
999999956 43
999999963 36
999999996 3
999999902 97
999999985 14
999999955 44
999999979 20
999999937 62
999999909 90
999999901 98
999999926 73
999999900 99
999999951 48
999999899 100
999999974 25
999999986 13
999999948 51
999999906 93
999999916 83
999999913 86
999999929 70
999999923 76
999999908 91
999999912 87
999999959 40
999999938 61
999999943 56
999999964 35
999999949 50
999999931 68
999999971 28
999999991 8
999999918 81
999999970 29
999999954 45
999999928 71
999999932 67
999999958 41
999999972 27
999999969 30
999999975 24
999999976 23
999999994 5
999999977 22
999999992 7
999999944 55
999999914 85
999999962 37
999999989 10
999999973 26
999999917 82
999999987 12
999999898 101
999999957 42
999999945 54
999999907 92
999999939 60
999999997 2
999999940 59
999999922 77
999999966 33
999999984 15
999999910 89
999999936 63
999999960 39
999999941 58
999999950 49
999999990 9
999999919 80
999999946 53
999999903 96
999999982 17
999999933 66
999999978 21
999999915 84
999999981 18
999999953 46
999999935 64
999999967 32
999999911 88
999999924 75
999999993 6
999999968 31
999999942 57
999999988 11
656185412 6
71774126 4219
326692132 6253
202703119 3876
103524747 2449
58361804 3427
492082580 9635
724370247 56
667917357 3317
405661248 9631
83888516 5050
638325303 5274
593355174 1295
162310625 3024
306549501 8136
502745474 3480
288883628 1349
124112541 5312
411222795 8632
644944290 2533
220375095 8750
492330916 4322
370658163 1135
466505348 4759
619041332 4285
628143213 9805
565441198 9046
383644513 228
418756316 4819
423509405 6760
416438728 9358
304307284 9517
149286189 4351
481561853 8590
445637098 8266
472871181 5271
294828373 3260
318804441 6960
630828843 7063
179134917 8733
602617388 3680
173872592 1706
212669786 3135
403671669 7079
359110112 5596
80325283 614
376897368 2741
187692685 6496
456988641 2563
107681031 560
344102543 4904
530469248 7613
228297767 5702
580990310 8818
569934736 4040
457143797 5115
618026560 1402
222305487 4617
346590299 7939
362680141 6432
377142820 9457
448425357 6184
706253658 229
360957733 6373
170640711 24
18205976 3447
109740940 1335
75310438 3799
72318181 3646
117709266 9559
65763206 1278
45002311 8666
74923870 2488
112115419 5360
94698823 8957
39367018 9073
62150315 9231
133393652 6720
94564502 3154
91981230 5187
84660562 7197
41800675 6086
81516095 3527
151327369 6972
123342826 5547
102514628 2371
52800854 2677
144673297 2395
20204804 422
150967510 1000
24123894 8162
141611777 6975
13987283 106
54280079 514
85467731 9327
107431826 3847
133822949 202
141912754 3021
39173370 477
90115498 6065
119676984 4258
13365489 4584
127116647 6540
140770514 7084
89988868 5010
107710098 4184
34599619 2316
62811177 2595
20317477 8545
7876743 5471
106295545 4518
72048571 7516
59053246 6339
51790745 8106
135702825 8305
14439517 8570
21898138 5731
143807038 1848
78538901 9881
86227638 611
85027042 2843
142848199 3256
5736656 1050
3985714 7490
45249114 9276
140852978 9410
14218176 9706
101018601 9225
46763745 5507
78761806 2867
135228978 74
34520753 6939
89481439 2609
87330423 2551
106225301 7710
78732867 6123
46898413 5438
103448578 5273
7319611 1608
45443486 1784
7260471 9880
7736654 999
21108168 5538
95173827 4507
18935219 1899
68273144 6183
10928873 8422
50907536 1163
100916600 5595
70012649 4959
56169914 6244
135524218 1092
98620133 8811
7686947 9353
84369413 6882
80535129 6381
135883857 9514
136923697 514
38242250 593
124696252 1260
56008606 2966
25696075 9497
72506172 534
39868155 5899
26212442 2860
107182826 6243
133409527 6696
7089532 9240
11428520 8949
138769328 3591
143594077 4753
34298745 1500
117564023 2167
124481579 5342
91485732 4733
88931358 9552
56278443 3137
65729477 2037
44498338 1628
87513129 2493
90052291 2212
96386805 8359
102228523 3192
47862810 7118
95801546 8037
95351223 3239
6788115 5557
22352752 1994
128833404 482
17116756 429
30942971 2551
120197591 2045
49968920 7071
34529674 7499
15726301 8118
107765427 4314
30343268 7595
22182825 4081
49026748 8196
55025246 759
130449925 7536
33892611 3218
73149048 7243
116112370 4527
42398766 8555
59699463 2252
127039745 9446
128572656 905
40516694 2960
42629517 2972
45410813 5859
143637201 7329
31580471 6047
138892521 7270
77078548 7455
105347643 2680
143899581 1385
82353689 3166
59131231 9730
110713346 1110
43163791 1837
36868684 2284
137262406 6669
101147293 6543
115116410 3990
36442013 2486
53707933 3811
69629836 6404
81034485 1769
80515077 8044
18552903 2425
97753836 9359
16306680 8540
16726846 7015
112393856 3469
58025331 9385
77387261 4482
100153798 7036
137853987 2576
117154213 4745
43581294 8489
7486066 7479
126884014 8414
54924711 1124
52979834 7035
150428108 3844
32129725 2070
35241368 6915
75274769 4455
28146843 9949
9432925 1218
17467935 5827
65756639 7488
122007055 5067
109620384 7596
89397643 1135
133220772 3539
121241901 1402
133865243 1988
9208833 7796
94786890 3168
114940773 1432
104372121 341
26167575 5550
121903008 7449
48290610 852
34312978 3171
50577815 9179
18586498 72
147830101 3470
58294137 5576
891579 3124
98956768 5634
19294661 6863
112796767 6744
34337942 5292
117736661 1285
73928484 2422
120763984 4015
52022173 5663
112174776 9427
86525431 3108
52636600 1978
115888708 4265
141552767 1493
74620059 2805
122782541 3015
72412752 4288
123735764 6795
30122957 4274
140372046 1632
111248725 40
120587272 4759
115144582 3259
143862438 7974
69638581 6550
73999295 2601
50578300 5783
120411676 2706
32139072 469
16894007 4949
13271925 5344
74248966 4479
22764611 7972
15054956 9619
99198077 4546
117812984 8371
72394603 8575
146405802 416
73593635 9050
66202083 6842
73593227 786
74052222 2590
72935493 1623
67499684 9123
100846759 6000
133023569 4078
116160530 1142
8763813 5562
45441684 4838
23400717 9100
134797849 9919
119845139 541
69903938 5132
95144758 2115
69976345 6489
26088487 2119
50103059 595
58976924 9007
49934818 4626
74177071 2119
51858880 4729
123761797 9524
109981485 9826
57556607 2254
84844252 7162
96321653 2695
27212201 3354
75673192 4353
116035431 1746
72407027 8542
123424322 8591
107809423 6252
108217015 5495
2213018 8484
9587548 2171
104247933 8428
133437488 7365
128703877 7242
81087002 2446
73940002 1131
103980774 3930
49231831 7748
104047569 6718
88862143 6692
53985706 9799
137312879 3893
59812091 9643
69399997 597
126480354 2538
117357525 5718
91809379 6888
16639860 3091
113886717 353
101079601 4190
19803453 898
111915459 9335
122090998 2570
34038592 3154
52314995 8721
37137057 8108
56295619 455
142717329 6717
126609304 2663
121594671 8845
20454423 8385
45383699 7263
17574557 5247
76928367 4173
79268575 9861
118257559 5916
85487478 2726
120828873 2276
127218690 9803
22024883 7195
67826865 3386
24314826 6051
43369767 316
27395887 4260
55013719 8882
29460844 9823
89861874 8227
135018687 389
112178881 4775
90784263 4678
85609685 4392
13993682 5412
4919013 9248
119936488 6918
52987495 8167
99027163 7488
98444415 8805
123648295 5646
47620170 116
12745260 5944
68789781 5556
45703398 583
97510754 7845
126057812 3321
126963350 7107
43668124 9670
8015823 5902
142844357 1429
136309930 2026
48890405 785
16563114 9695
4848999 4848
71508670 5711
93068695 1155
79576306 3551
132913274 5703
10661016 9615
39912402 3863
149557255 7223
136626058 3029
124917969 7380
106180107 6997
96463352 1353
149155391 2559
118992473 2055
32088620 6503
135356477 7383
138219548 1084
12253369 9429
100516754 1716
112380038 9848
125215656 7651
98808445 3683
27838533 6318
55325210 735
60932926 1908
50886390 5393
97156527 353
128929903 8561
42149761 539
145131353 4076
27553331 5226
128074606 736
15585618 7039
59338940 7331
51379177 6809
144497502 345
95563345 7575
111636884 7633
78993308 5598
8077007 6845
120410521 1429
64016768 4745
339233 5188
47515418 2878
55176307 5320
63601653 7294
36599513 2668
20156276 3863
114257556 9270
11431130 1105
18706713 5705
134058413 8546
1284898 8370
109437471 7900
320725 1216
30976114 6191
129677611 5748
129274050 1017
115330734 8207
93408147 4339
48233674 8806
83107934 3538
4061527 5431
105077229 1507
105475210 4712
22926042 1937
1852418 6061
100168373 5376
117140384 2570
93920037 27
146154988 1233
107388686 5856
70121209 14
74181155 7210
126892646 3694
30354664 363
15477718 4018
53455586 5808
4736294 5467
67860178 5793
85252106 1021
47696986 3438
103843710 4288
34817008 1221
27224249 6903
16510564 6026
32851995 3727
27342227 7611
2353486 7378
32525956 5402
141616882 5877
23041131 7268
51721599 5431
122082942 8814
26100572 6490
68732919 3140
98693949 2539
91165198 6253
126601158 4528
121285243 5415
47354597 208
46199890 8930
19614786 2619
72581981 4048
100873074 7144
155929 3730
134414373 855
131079838 7914
129649461 126
33520133 1563
50515080 7515
117105580 937
523298 9395
43517253 2326
79503947 8400
144924807 7594
61446045 9853
60520111 9236
29572403 3080
55891658 5221
32995483 9569
139442467 8481
138574701 8725
114957919 6582
100748150 4802
33525117 1499
68907430 2013
87957806 4386
44685826 5310
115052396 4691
142941050 3959
33492527 8131
81422270 2908
131958132 3646
7086158 4795
46262233 1766
8624890 4292
45586631 1598
109928117 5084
148623148 8750
49325502 8405
122833079 6761
18245288 3272
147875951 4483
17787929 9877
79835439 8577
16661231 9162
76925588 9613
120728411 9238
145210417 6017
85539054 6434
140272130 9045
98981239 704
18576692 2298
10699337 9063
72425386 8853
141224124 5287
90710410 9689
107315347 102
53576612 2175
128958650 7905
89066276 8524
78869035 4451
52557060 7371
11884762 9702
38314706 3260
40417513 919
144874447 1648
42885749 7882
29109697 3264
52957648 189
58510061 9456
13440413 6111
49397648 5265
56059164 8585
49495233 2844
47184695 8136
11701715 213
38547885 5280
105643550 3925
123945639 8934
123108939 5276
133357973 6886
139475551 3565
3200222 4377
10610311 677
66669088 6035
37496173 139
101282807 4235
91288182 1080
52586208 9508
78787851 7256
50830370 5416
122068427 6381
117155353 3226
138089461 6895
32536324 3256
108648363 5501
60971503 3122
137933031 7144
116766157 8664
91180716 9473
99491276 3924
71686761 7252
627472 5701
43242734 9316
83435766 9664
129600449 5086
143972834 1376
140341119 2464
93812275 4826
138682307 677
113580363 7808
148434408 3028
15189234 1231
843877 8707
133543085 3650
47098045 2188
146405059 5140
21172375 2641
42258105 657
8267499 2981
77284574 8597
82271946 8597
78820518 1136
5227009 3082
93421054 2181
79036479 3704
72629625 4210
3314485 3984
64799289 3869
88310940 214
87429699 8031
4934732 5087
127107227 6630
29305802 9163
23458605 3608
19320132 9083
8243785 8062
20027686 9230
5601655 8070
118332173 4735
145001363 9847
69264664 6446
136247188 7903
93727539 7046
112940680 2697
100720977 7423
83137957 3488
2259003 417
101091823 7912
62872411 2058
36871640 4189
63932059 2896
116046555 594
133142097 5424
14572874 2813
15243993 4792
123990703 1892
61588349 3136
120805519 6520
120258687 6111
114075829 7088
92603112 7588
79808645 9010
39914598 1225
146757307 5466
77137368 30
119973339 1486
117163537 271
86398797 7513
4733587 5392
83948350 8544
115743537 8591
75833899 6461
120453028 9379
67306896 5045
147631683 7310
146175832 2843
19037875 8088
13547076 6163
79147173 1214
104370757 3697
12610943 6141
89229729 1366
108557850 6552
119743926 4922
68039163 6864
23342367 940
141356034 2594
60577642 3780
51691545 9841
49173747 2673
83724454 2474
11166724 4071
139151289 6618
48946120 3588
57081838 596
12397793 4482
143571421 3372
89912941 7432
63729231 1539
14703739 2764
84583403 5086
149333502 1672
134290 5544
65794609 2860
115042469 3097
87967418 9170
129491898 3835
112892277 9523
22452677 7736
47494561 2367
63468404 5686
124261233 3796
6807303 9032
78619767 4948
81714273 7360
112128411 1574
129764996 7552
106759784 1243
34355417 8058
86410903 6149
131459037 2341
27748268 5770
92495369 5904
22196917 1274
48938070 2736
144860830 1477
18963312 7215
4769175 2797
35431170 7011
66686589 3280
130123641 2650
150406102 54
43359265 1125
105455132 2807
21668472 9574
106810107 1161
137806597 4927
63783701 47
5354346 2366
38959074 1922
92251807 9008
97663977 6986
3648345 6663
85505402 2778
89111972 6961
28477336 2771
100341369 1979
118457011 1252
38867442 3356
68733406 4126
137379007 570
47399794 2520
140632442 361
86406552 1261
136719313 3101
115108532 4828
62262248 8697
27940840 3097
68849421 7342
125740447 9120
126974252 1972
61108218 4447
85465511 9719
139370252 919
40983596 2957
139809263 9214
129869196 3056
95740126 8753
40470458 999
140000204 2559
79415812 8785
10945145 1844
21688827 6490
132691604 1529
14579316 8363
88018200 6453
72727604 6646
119059027 2105
24870878 7442
108097731 8609
76665692 8760
98099327 4199
75386163 4722
65360047 8954
52365605 2071
2470307 4185
21789271 7914
103192741 6110
14205960 6765
44190638 7648
22377514 9562
53440573 5847
112563705 7634
103965894 8740
134094474 3601
120968496 1696
135549447 4314
36369427 682
94529430 3486
126463827 9348
51056473 5078
79671315 4848
23161185 3432
3359143 5247
87385781 3034
52690124 9878
25469816 5515
20184992 5734
61209369 1325
79814302 9832
81397394 7448
132148291 3842
22473487 6664
51350680 161
62824884 9404
46074553 6095
54124105 1836
88845886 5340
102224734 9886
14499226 3636
2966393 1953
38317944 3921
121335889 5294
27713707 7589
59207288 7481
85862048 7855
145972165 9642
125816398 9804
150631662 7112
122837783 123
101213096 8418
5548063 2714
119991142 7497
95463960 391
34773483 2368
87878755 8061
140444868 6531
76260706 3697
13907050 8418
11837622 2114
139452903 3475
46895797 7052
22237747 5003
81379131 1599
6695171 8789
106105976 3746
50896753 2667
38165913 5662
89335324 4018
81369417 4817
143106556 8679
44247348 6381
55242421 7045
70645760 7843
33498863 2109
134630756 4881
82563243 4759
119537027 9126
90233605 2086
36721712 8973
45795652 3483
21382827 6771
8997409 9867
21052514 849
70287204 6904
30861043 9034
95157284 6894
31270946 5077
14590650 5844
40135004 3680
110820323 9339
100764861 208
31149510 1711
63411781 9889
37616545 3074
12822994 4874
124875122 9671
116187976 8239
57085863 1496
109811419 7095
94792363 209
149925003 6350
41289558 5820
74696745 5045
36234694 1940
116789128 7967
136944325 7581
145394588 7261
110055288 7246
126003194 3756
139072228 8996
118829225 6782
91294367 6334
141862174 65
10599700 1640
106960067 1289
129138269 5573
111590844 4492
107605123 1908
17825355 4700
102868255 3559
18528628 337
35575877 688
136606826 8520
108063329 9593
77722080 4014
44443359 3149
8072460 7320
131709271 8698
47135102 7272
83494655 2290
112089441 8345
46149114 1573
123087065 693
119781975 829
23828744 4635
56472932 8185
57506117 4371
92875205 423
80732107 4042
110815844 5918
78675466 6588
71495044 8999
43427043 2006
122617398 149
70141120 6609
84206886 721
102172389 5394
140293916 2754
107892314 383
87826271 7682
138628727 5626
46036611 5188
25651047 3626
10814336 5530
66296977 2212
5303848 9446
126193857 8455
71743860 6344
7378816 7750
49048884 8645
84741320 3867
8325812 3152
29893046 4725
137520836 7293
143489130 8963
96715662 1340
73684720 9932
118847332 1378
97847480 548
140206753 2909
2911588 5424
105930855 2914
41842820 6107
137351527 8726
103319572 4795
4498055 1093
61956006 2072
106800078 6832
17794640 1435
11189365 7880
124340665 1373
144980511 1758
110011931 9181
81184286 34
119290319 6557
94896127 5144
8593583 5440
55004912 660
9566216 7752
128430567 7835
131369236 2552
52228830 2728
96415370 1808
85802069 706
139372758 9380
8467967 4914
26447639 1395
64528135 8790
103257926 9210
80233653 5749
106051474 4189
140386508 9292
103060556 1759
75870359 5668
60812913 4233
125123903 1635
148771730 5260
73661793 4894
40365270 385
132175173 7824
4847006 6925
144439389 4385
40768438 2169
84762131 8312
75992516 8363
89150071 3981
63167838 8653
94511384 1842
38378774 4631
91565403 6965
17282972 5619
1159948 6886
147510752 4658
87701272 3949
148013030 1265
30024252 2608
122025417 6277
116561286 4119
86113560 2147
36108836 575
83840874 2384
74403856 3078
130386303 9409
134988930 9248
100889161 3500
72395017 7905
124053394 4318
105873321 8783
114244753 9699
53375134 6511
34020104 2214
104588242 7656
4009539 5523
32482553 788
82851452 8722
68954706 9095
13123663 1747
10885854 4684
105195613 4833
60235004 345
4019876 5556
146422006 2732
125607147 5568
144771822 7224
133312299 9533
64380363 9006
136312413 4940
68665424 1474
57186412 5271
4687698 6874
68058935 8207
26022050 7934
85435073 182
127515022 1178
113757853 1818
87982043 2322
23871780 7430
58245437 8005
131311041 8621
76828923 2593
122869499 9123
33412977 1427
139330369 2077
11959614 3617
107019361 2511
89642066 5986
109451293 938
147286356 9614
6841920 9630
112332325 2264
14358707 4679
668062 6281
136410775 5069
9529090 3981
101904485 6769
87944425 1627
96685392 928
51013001 9137
1193156 9423
135172862 307
1000000000 1
1 1
587511586 6
443890827 4369
17570182 3485
371329793 7808
508955186 3243
96449838 5249
114052032 5712
929679062 29
789001530 1889
189618346 997
206718315 2490
326308045 7895
447084592 9970
167924660 5055
39371600 9835
90268608 9247
625966556 6599
8906295 3637
908353446 7058
590251276 6302
468190483 9880
418808799 8347
813445035 5697
360402675 6825
286715589 8657
54900895 8857
854528145 2953
345302302 7008
607692416 7558
900645208 3857
671610063 7998
446851421 420
113266117 4741
23731996 4349
162300150 2768
258709534 2553
30764317 4172
200000 100
8592 10
820 9
1964 6
910 3
7639 9
9195 6
6338 6
9376 2
5382 8
2284 7
1694 2
8704 8
1894 10
3192 10
2705 6
2426 4
4442 3
7928 9
3387 6
518 4
134 2
5268 8
9117 3
1852 5
9206 6
4982 4
4244 6
5958 10
9943 4
7092 10
9944 1
489 7
2167 4
4795 7
8105 8
2734 3
1515 9
3597 9
8469 6
6636 7
6387 5
204 3
7387 5
2918 8
5746 3
1324 7
6698 5
6694 10
2569 10
5825 9
6172 8
5392 4
581 9
7888 6
657 4
303 3
4268 7
9847 2
2082 9
904 4
2427 6
7189 5
48 10
3601 4
9872 9
9312 7
6731 7
766 5
1153 5
3926 10
4448 10
8234 2
1871 3
209 10
891 6
8851 6
3583 3
7277 9
2039 8
5960 6
8399 3
4648 5
566 6
4122 4
5000 8
3009 9
9619 4
6174 3
2424 5
5500 10
7816 8
3034 2
7624 2
7635 4
9542 5
8534 10
307 8
7043 8
9904 3
6999 10
200000 100
1837 3
2558 8
1095 9
9434 8
62 4
9448 8
1396 3
7646 10
3322 6
3278 4
4734 8
7708 8
2554 4
1894 5
2705 5
4471 7
1230 10
5957 3
278 6
3458 9
890 5
3808 9
2337 10
9871 10
3064 3
487 9
147 9
4776 8
7540 3
1680 10
9750 10
8301 5
7500 6
1412 9
3467 7
1335 4
5963 5
9395 2
1176 4
5381 6
9947 8
6379 3
2461 5
94 7
8860 2
9279 2
4009 9
3512 4
1174 4
6705 3
8032 2
1600 4
9743 7
5000 3
2929 7
3489 7
6015 8
5679 7
9418 8
7589 5
8299 6
1887 8
8133 10
4597 9
3513 2
8137 6
238 6
5568 9
1022 9
9330 3
2990 7
358 2
5810 7
1267 5
9461 7
6898 9
9925 8
9948 1
8681 10
2049 9
2066 2
9893 9
7701 6
9408 5
4847 5
4596 6
1458 4
5226 6
1593 4
4101 3
9447 10
6659 6
4287 5
726 10
1445 6
488 2
354 5
2784 4
9911 8
9081 10
200000 100
1159 3
8426 2
7774 6
7322 3
5946 3
8450 6
2969 7
6469 2
9028 7
5337 4
8621 2
5000 7
771 3
8246 7
3573 6
5606 8
1157 3
60 5
5827 6
7552 5
4589 3
9997 1
429 7
4648 9
621 4
7262 4
3962 6
9952 3
7980 6
1990 2
6994 8
8366 10
4181 2
7249 6
5268 5
9490 3
6476 10
6996 9
7052 3
1840 2
1905 9
1632 3
348 10
8754 4
1446 8
1709 3
9965 3
706 4
1045 6
2627 10
4858 9
5371 8
7332 6
9414 2
986 4
3486 5
5512 4
4787 2
638 4
8507 8
5986 6
1334 7
7021 5
9062 8
2935 9
9436 8
7100 4
4004 6
2469 10
6785 4
9182 7
6321 9
3831 4
9988 4
2826 3
3569 7
9408 2
2011 9
7058 6
7729 7
7367 7
6480 8
9996 6
2274 10
5492 10
5899 4
6290 8
8497 2
1227 10
3006 9
4189 4
6021 3
6515 8
5043 5
749 4
3429 8
7715 5
6553 3
8896 9
4258 9
784775581 18
614495838 7545
249277082 7101
257997316 6999
387997992 6580
94149915 8186
86244980 8740
505909038 6838
441851063 9967
559818988 2423
545671125 4420
515363842 5407
145029006 9891
623062910 634
629574596 4839
135622849 3781
288187050 7872
553275422 3300
350689409 858
864973926 1
21545254 3311
1000000000 1
1 10000
90940787 100
63275410 7456
47412322 6940
59394611 7903
83396520 6001
70564735 3740
68563971 1776
29075229 7614
55489411 5756
80765946 2984
30283103 2311
46829145 9547
21716414 6555
76694465 7105
1680605 9391
47289304 2760
4311928 1945
8710628 4352
2729382 300
16313111 1104
8118024 4580
14713039 8104
42906242 6400
57189720 1005
47900009 3375
6040992 6513
3888335 279
2825010 7965
49584499 8675
6198482 4979
46585477 2829
33599989 479
23757096 2065
25296803 291
62354774 1681
2565302 1343
54982676 5010
75042529 2052
47293390 5087
30962280 9698
80300259 1696
34089624 1557
75081446 814
46448817 9682
31386731 7230
81051303 789
33463295 4844
10743404 946
78431708 795
27209651 5835
81017982 8172
27186439 6774
79768524 6277
54845271 2977
74187959 2969
66891378 9644
84972127 4718
13701593 6260
83218376 292
85982910 8320
34013453 4261
41641262 3694
65974604 8501
9958275 3834
88277865 1031
50337860 327
28316937 9294
57355693 7196
49290222 5046
24251534 1395
32310128 9960
81168641 2431
84439931 2579
73224565 5172
7994234 9501
42024104 4028
2465070 621
73590393 5544
15042792 4009
82062738 2140
13779910 4684
77869438 6096
90289501 8884
23500112 560
25552058 7317
21318508 4172
62731821 3394
34096429 6144
65549739 7085
47255782 8265
23853581 7254
34412121 530
5415632 215
55070339 5472
64328845 6225
47780176 4485
51127613 1193
19872800 9809
83085482 7491
76568049 5931
27446827 8819
