100
132
1000
7
111111111111111110
111111222201458
374687403419331879
485800710685727922
225777790
66
319977315144154117
222244456498575854
549999999999999999
177148969382257040
666355106829940222
5458
3299
341113333466678
287308888918670073
13111224456666779
91314449666155982
111233334455567798
122223333334404
112334881344457
21999999999999999
112223322233457
207703218843893829
635677789
596372035369467871
623445667778899
769999999999999
780578279436217525
418961296810433541
23455522344466889
375789695859786579
127791314977860972
769
111111111110001136
811112224566679
455668249
5060
999999999999999999
22445551791218918
6
111157706
111122222234444422
668011552901876065
727
384498574932106343
988218808965429587
232485753723837586
660864858564234745
122332345
8580
512445887
1
414315279073256579
444940133308681954
800
32
811235559
454697174785188128
711111235566789000
11111111122222220
1000000000000000000
123333443
111112222222222220
570922432749590550
111111111111110
130
533
123883381932451405
21
848
412333346677788
215408114728726636
11223335566778822
11233444688890000
344556627794942829
22344567745667899
1236
109999999
133123669
42
300011223455679
61222233456677899
3316
885050173634435566
691125579
10
150392876793720718
372723525994986889
724423619094671696
648659597695498859
572946748727109537
222328780157663007
2220
809287802978736630
815786119826798336
711112223445567788
51122444566777898
