100
4 2
5 2
6 2
1000 1000
1000 1
579 476
309 264
999 498
709 605
1000 488
1000 491
999 1
500 248
500 500
713 680
1000 489
756 706
400 358
500 78
999 127
999 487
260 208
3 1
1000 999
999 999
999 511
381 340
999 497
500 128
552 424
923 914
500 117
999 288
682 630
500 116
294 268
500 499
999 255
711 632
548 429
1000 512
612 585
433 414
1000 2
847 808
377 282
909 881
500 250
999 512
1000 255
5 1
1000 511
500 245
500 256
327 257
999 256
323 314
500 1
458 394
410 406
500 239
1000 127
477 419
1000 500
476 422
500 244
999 2
798 702
500 249
378 295
999 503
271 251
1000 256
1000 128
999 499
999 128
999 998
500 127
500 2
500 255
999 488
1000 498
529 456
3 2
965 753
4 1
826 679
464 400
841 775
571 565
966 960
598 462
1000 499
900 880
1 1
2 2
2 1
297 222
479 465
1000 465
