80
1
2
3
4
5
9
11
16
17
26
43
87
106
123
146
167
315
375
436
533
1037
1292
1409
2138
3326
3621
5220
5245
6776
7232
12098
16449
26752
28241
47093
84790
144519
267489
442335
504001
1064915
1124518
1714431
2501048
7333976
9950177
11320737
14503574
16578824
41010206
41027077
71989718
85021973
158610964
188510936
382153953
1210228964
2236096876
2435093235
3186492438
3795406584
3984405207
6822785223
8345815380
9480511506
29623097020
37253307541
54196075282
67969511595
182781640722
393000150065
432806385708
473881810217
589210917681
636668348109
726215460415
811664830663
860753993917
920705723777
986486552997
