100
1
3
4
9
10
12
28
35
41
43
73
78
157
335
370
1013
1385
1746
2256
2784
5823
7468
9762
12331
16867
36906
47241
66448
75983
123252
145016
287689
328268
578675
582852
866882
959162
2129046
3427768
7284689
7922659
17501648
43544488
99514049
181653642
258418178
563526909
656205204
689872781
2199570512
2393304596
4601356064
8262073403
10854947737
12209092204
43780044810
70248606980
85803650539
125975566595
154991640875
512885294446
630931958252
631334315476
756009700733
922440039936
1509277968130
1953319687704
5134716486281
6710759143871
7231709160995
20066399425812
52123185172588
119796654798750
310249044802099
354078185524363
537198736941163
704450327457998
759562339288344
1748399345565319
2170413380066063
2389332545355788
2911315301069468
17022651752019970
24283176608567660
43416033924521192
61671843605349576
156386755331005056
285756084005181376
936070826180729088
1087064148017365760
1251090021131227904
1528733485041549824
1753556313870315008
1977268065606114048
2424663697006605824
2880938113205559808
3155458858293445632
3502573896731733504
3897995316662882816
4493164248338739712
