200
1
2
3
4
5
6
7
8
9
10
11
12
13
14
15
16
17
18
19
20
21
22
23
24
25
26
27
28
29
30
31
32
33
34
35
36
37
38
39
40
41
42
43
44
45
46
47
48
49
50
51
52
53
54
55
56
57
58
59
60
61
62
63
64
65
66
67
68
69
70
71
72
73
74
75
76
77
78
79
80
81
82
83
84
85
86
87
88
89
90
91
92
93
94
95
96
97
98
99
279
370
468
795
799
825
909
1463
1532
1543
1835
2130
2514
5259
8458
12458
13739
26924
45300
51188
81905
236100
243541
288331
289301
933381
1215505
1351865
1833875
3187581
3630914
3802138
6041628
6333199
10158406
13615344
14511851
15836256
65208520
84288889
89620583
116212622
164486830
256413352
342912529
941365402
965905918
2198035169
3329914430
4947821963
8690958383
29951356424
36418302972
44232534623
69683287489
77819896406
91693565178
387094561533
465646453631
493274033562
532779951912
748292384459
944006722987
1167185213971
1171108259440
1195495436650
1690166455326
2164235048249
2409580318618
2560693384168
9226407308962
9265688024178
9585841406671
11972731926614
15090206094970
17168666881736
17757121960285
54788583821926
120880108108202
197077388366784
277123472964080
473749469437310
838405282970260
1675254176292805
2033089581823112
2262357372963005
2527199601756573
3318199658037526
5607476322175617
11977052154364820
12170362975214604
15333912189150332
45312776255910216
103213216139601872
187536992683069472
208347332570077312
224392719661286080
241957088413529728
623951943816898560
630384977880722816
1062394839287122816
