500
1
2
3
4
5
6
7
8
9
10
11
12
13
14
15
16
17
18
19
20
21
22
23
24
25
26
27
28
29
30
31
32
33
34
35
36
37
38
39
40
41
42
43
44
45
46
47
48
49
50
51
52
53
54
55
56
57
58
59
60
61
62
63
64
65
66
67
68
69
70
71
72
73
74
75
76
77
78
79
80
81
82
83
84
85
86
87
88
89
90
91
92
93
94
95
96
97
98
99
104
110
121
133
144
150
156
160
161
170
174
183
197
199
264
283
337
442
450
499
508
574
679
993
998
1032
1141
1208
1667
1853
1865
1956
1970
2244
2274
2357
2435
2750
2895
3264
3960
4527
4604
5483
5942
6219
6998
8173
11433
11896
12716
12739
14146
17060
18875
26631
27485
36328
37828
38482
47634
50288
50659
58702
64759
65468
66571
72930
72971
73476
79584
88870
94743
104568
107958
119423
122686
184762
194006
227645
250629
325590
337940
356615
368235
371227
421493
428608
438417
439941
452834
493415
572626
578018
616995
701239
1161779
1475045
1475913
1939019
2164201
2197859
2206849
2493847
2965846
3572332
3699120
4461504
4498389
5251015
5379500
5450397
5497333
5656955
5784432
6007354
6300314
7645207
7689935
7894939
8227083
10166991
10674410
11227266
11680305
11705756
12733872
13593815
14784844
15293704
16490611
17393477
18064875
18455912
21659710
23541252
23847482
25144726
27034867
27519524
28442020
30507005
33980011
45295987
47504510
54930274
62743955
84244725
95725720
98023361
115769945
118790347
127683420
129635545
154868351
165000410
165001551
191179511
194922846
200322238
201039659
215821684
229184201
234316459
253833114
306319497
309031087
316588363
362031945
451606229
469554328
471826288
488920962
508985749
529462799
660221199
1199334036
1229091745
1234688383
1352326447
1381874292
1604278074
1874491636
1917711183
1925008513
1994884357
2080901281
2637605497
3100442183
3119469136
3295585693
4502314117
4586719411
4875012330
5241148573
5379058254
5415099269
6915880957
7242514336
7342987846
10412648292
12999865841
13339118374
14595532849
15525733819
18636739121
19592386779
20552985646
20913529066
21201003804
22424866647
23299842948
23366900578
25710639559
27746132018
29569002834
40664981875
48243048889
50734911207
50796074592
66931472322
81915048879
100138224528
109543064937
112548525606
119287918699
152681519111
160164496385
179525854805
201442677756
212691509914
291976154960
299054175891
304784952264
330477137701
417494295629
432287511497
504639971015
704613844229
942057993023
1097117834756
1140227496313
1210201990324
1310487260540
1532685652866
1630861933782
1730971443878
1861545701927
2322756927603
2366687535385
2946983944729
2957219845688
3020875684247
3939903101898
3955649381989
4320431534460
4618014905243
5097249399670
5578035065207
6232650690110
6513997505797
6636964562113
7237018506202
7409218227938
7657594857978
7744497865070
8681304477623
9623398213631
9984906288633
10974654034505
12026964542993
14059769927527
16268817622704
16646019516938
16802530195344
21046354377389
24895840286463
24957459622490
25067263670988
25962783240520
26193281694357
32668788849654
33913166754131
34503850553404
38846213892091
41493972066733
47412675146798
49092859618119
62212144956907
83039485291476
97272785583300
106027741876819
129956379693904
157270189739576
171180037383915
173889784836182
196568010954799
200339653999029
271288615585658
291321492913150
295482752954514
306327990633026
328257596868219
349308202846180
356259675287246
362424737797582
450651101642228
469343514461375
531428735521617
590370559094456
599216515906060
727354520697700
839645097931216
920372536871514
1056627048698482
1121623218626834
1357039835688338
1424946174308660
1461280855255536
1533651369342538
1683088129455262
1840038943559573
2028994347175965
2115411745691572
2187087067620082
2532716273838268
2635739427237662
3503797920902473
3796033646444964
4023953469085670
4695901167935382
5249718221147060
5389519731477469
6243851489244520
6557834786086237
6583068872555846
6860146945375059
7186898200016176
7351566943012122
7417985727171536
7897138190408762
8242536189217164
9459894494361324
9789243285147278
10921088623447552
11127268949947308
11305036423463440
14402554179232728
18781330855952296
19420403372825584
20931731612256744
21204553561306068
24078009972236880
24484653929191988
25626821432166248
26768396406960920
29893504964964000
31223733906096688
41142903656208024
41829272892340192
44730857927081648
49659429883233336
52540877405955872
53109808764862984
54313249320058648
59969114205821936
62901049890595168
74638997500884224
82425600893872256
106062326729164384
111126396790239616
113882258695674736
162715163672970528
167772985522929792
170305521858397632
216050886991752160
245647568233543840
248961989076353440
292133952987991360
302461701999595840
325902823403759232
380942845344220736
406456383373755776
442796865744828928
457004478345110656
521819911959740032
706084230781428096
766050017167217280
787192370293289344
849915444117174784
918747763268364672
1000836809886458496
1246550198985243392
1350865329813949440
1426644035467225344
1667752729389825280
2445247630617233920
2471303308056663040
3859385780015786496
4238011694709981696
4376838165791489536
