15
10 10 12 13 10 7 6 5 7 11 8 9 10 9 10
3 7 7 7 14 8 11 12 13 12 8 10 8 10 7
1 1 1 2 3 3 3 3 4 5 5 5 6 6 6
7 2 1 2 3 8 3 4 4 4 5 5 6 9 9
7 2 2 2 2 8 3 8 10 4 5 6 6 9 11
7 12 2 13 8 8 8 8 10 4 4 4 6 11 11
7 12 13 13 13 13 13 13 10 14 14 15 15 15 11
12 12 12 12 13 16 16 17 17 14 18 18 19 19 20
12 12 21 12 16 16 16 16 22 22 22 22 20 20 20
23 12 21 21 21 24 24 25 26 26 27 28 29 29 20
23 23 23 21 30 30 30 25 27 27 27 28 29 29 20
31 31 32 32 32 30 33 33 34 34 34 29 29 29 35
32 32 32 32 36 34 34 34 34 37 38 38 29 29 35
39 39 40 32 36 36 36 34 34 37 37 38 38 38 38
40 40 40 36 36 41 41 42 34 43 43 44 44 38 38
40 45 45 36 36 41 42 42 44 43 43 44 44 38 38
41 41 41 41 41 41 42 44 44 44 44 44 44 44 44

