30
10 11 11 12 12 11 14 21 19 21 23 15 16 13 14 13 13 16 17 17 14 20 16 17 13 13 15 10 9 12
10 15 16 21 25 18 20 19 20 12 12 7 16 10 9 11 14 17 11 8 16 12 10 15 17 6 11 8 25 27
1 1 1 2 2 3 3 3 3 3 3 3 3 4 4 4 4 4 4 4 4 4 5 6 6 6 6 6 7 7
1 1 1 1 2 3 2 2 2 3 8 8 8 8 4 4 9 9 4 4 4 4 5 6 10 6 6 6 11 7
1 2 1 1 2 3 3 2 12 3 3 3 9 9 9 9 9 4 4 4 4 5 5 6 10 10 11 6 11 7
1 2 2 2 2 2 3 2 12 12 12 3 3 3 3 9 9 5 5 5 5 5 6 6 10 11 11 6 11 11
1 2 1 1 2 2 3 2 2 12 12 3 3 3 3 12 13 13 10 10 10 10 6 6 10 11 11 11 11 11
1 1 1 2 2 2 2 2 2 12 12 12 12 12 12 12 14 14 14 14 10 10 10 10 10 10 11 15 15 11
1 2 2 2 1 2 16 2 2 12 17 17 12 17 17 18 18 18 19 14 14 14 10 10 15 10 11 11 15 11
1 1 1 1 1 2 16 2 20 20 20 17 17 17 18 18 21 21 19 14 22 14 14 14 15 10 11 15 15 11
1 16 16 16 16 16 16 2 16 20 20 20 20 17 18 18 21 21 23 23 22 15 15 15 15 15 15 15 24 11
1 16 16 16 16 16 16 16 16 16 20 17 20 17 17 25 25 25 22 22 22 15 22 26 26 26 24 15 24 11
1 1 1 1 16 27 16 16 20 20 20 17 17 17 25 25 28 25 22 29 22 22 22 26 30 26 24 24 24 24
27 16 16 16 16 27 16 16 16 16 20 20 20 20 25 25 28 28 29 29 22 26 26 26 30 30 24 31 24 31
27 27 16 16 16 27 16 16 16 20 20 32 20 20 25 28 28 29 29 29 22 22 26 26 26 30 24 31 31 31
27 27 27 27 27 27 16 20 20 20 20 32 20 33 33 28 28 29 29 29 29 34 34 34 30 30 24 24 24 31
27 27 27 27 35 27 27 20 20 36 36 32 32 33 33 28 29 29 29 29 34 34 37 37 30 24 24 24 24 31
35 35 35 35 35 35 27 36 36 36 32 32 32 33 28 28 33 33 29 38 38 34 37 30 30 24 24 24 24 31
39 40 40 35 35 35 27 27 27 27 32 32 32 33 28 33 33 33 33 33 38 34 37 37 37 37 37 24 37 31
39 40 40 35 40 41 41 41 41 41 41 32 33 33 33 33 33 42 33 42 38 34 37 38 38 38 37 37 37 37
40 40 40 35 40 43 43 43 43 41 41 41 33 44 42 42 42 42 42 42 38 38 38 38 38 45 45 45 45 45
46 46 40 40 40 43 40 43 43 43 41 43 43 44 44 44 42 42 42 42 42 47 38 47 38 48 48 48 48 45
46 46 40 46 40 40 40 49 49 43 43 43 43 44 44 44 42 42 42 47 47 47 38 47 47 47 48 48 48 45
46 46 46 46 46 50 40 40 49 49 43 43 51 52 52 44 44 44 42 42 47 47 47 47 48 48 48 48 48 45
53 46 53 53 50 50 40 40 49 51 51 51 51 52 52 52 44 44 44 44 54 47 54 47 48 45 45 45 45 45
53 46 46 53 50 40 40 50 49 51 51 51 51 52 52 52 44 54 54 44 54 54 54 48 48 45 48 45 45 45
53 46 46 53 50 50 50 50 49 51 51 51 51 52 44 44 44 44 54 54 54 48 48 48 48 48 48 45 55 45
53 53 53 53 53 50 50 51 51 51 51 56 56 44 44 44 57 57 57 57 57 58 58 55 48 48 55 45 55 45
53 50 50 53 53 50 51 51 50 51 56 56 59 44 59 59 57 57 57 57 57 58 58 55 55 55 55 45 55 45
53 50 50 50 50 50 50 50 50 51 56 59 59 59 59 59 60 57 60 60 57 57 58 58 58 58 55 45 55 55
53 53 53 50 50 51 51 51 51 51 56 59 59 60 60 60 60 57 60 60 57 57 57 58 58 58 55 55 55 55
53 53 53 53 50 56 56 56 56 56 56 59 59 59 60 60 60 60 60 60 60 60 60 60 60 58 58 58 58 55
