25
12 12 14 12 12 15 10 13 13 15 11 11 14 12 13 11 8 13 13 12 10 14 12 10 3
11 12 9 14 17 22 15 3 13 10 7 6 9 10 2 19 16 10 5 9 9 14 17 19 17
1 2 2 2 2 2 2 2 3 3 3 3 4 5 5 5 5 6 6 6 6 6 6 6 7
1 1 1 1 2 3 3 3 3 8 8 4 4 4 4 5 5 6 9 9 10 10 6 7 7
1 1 1 1 2 2 3 3 8 8 8 8 4 5 5 5 5 5 9 11 11 10 10 10 7
1 1 1 1 2 2 12 3 8 13 8 14 4 4 5 5 15 5 5 5 16 16 10 10 7
1 1 1 1 2 12 12 12 8 13 14 14 14 4 4 5 15 5 5 5 5 16 10 17 18
1 19 1 12 12 12 13 13 13 13 20 20 14 20 4 15 15 15 15 15 21 10 10 17 18
1 19 1 1 12 12 12 13 22 22 22 20 20 20 4 21 21 15 21 21 21 18 18 18 18
1 19 19 19 19 23 12 24 25 22 26 26 26 27 27 21 21 21 21 18 18 18 18 28 28
19 19 23 23 23 23 12 24 25 22 29 26 30 27 27 31 31 21 21 21 18 28 28 28 28
32 19 33 33 33 34 34 25 25 22 29 26 30 27 27 31 35 35 21 36 36 28 28 37 37
32 19 33 33 34 34 25 25 25 22 29 26 30 38 38 38 38 35 35 35 36 28 28 37 36
32 19 19 33 33 34 25 25 39 39 29 26 26 26 40 38 38 35 35 36 36 36 36 36 36
32 19 19 19 33 34 25 39 39 29 29 29 40 40 40 38 41 41 35 36 36 36 36 36 42
32 19 32 32 33 33 25 43 39 39 39 44 44 44 40 45 41 45 35 35 36 36 42 42 42
32 32 32 32 32 32 25 43 43 43 39 44 46 46 46 45 45 45 45 35 35 36 35 35 42
47 32 32 47 32 25 25 43 43 43 44 44 46 46 48 45 45 45 45 35 35 35 35 42 42
47 32 32 47 47 25 49 49 49 43 49 50 50 48 48 48 48 45 51 51 35 52 42 42 53
47 47 47 47 47 49 49 54 49 49 49 55 56 56 48 48 48 48 51 57 57 52 42 42 53
47 54 54 54 54 54 54 54 49 58 49 55 56 59 59 59 59 48 60 57 52 52 52 42 53
47 47 47 61 61 54 62 49 49 58 49 55 63 63 59 48 48 48 60 60 60 60 52 52 53
64 47 47 61 61 61 62 49 49 58 49 65 65 66 66 48 67 67 67 67 67 60 60 53 53
64 47 47 61 61 61 62 62 62 58 49 65 65 65 66 68 68 67 53 53 53 53 53 53 53
69 61 61 61 69 61 61 62 62 58 58 65 65 65 66 68 68 67 67 68 68 53 68 68 68
69 69 61 61 69 61 61 62 62 62 58 65 66 66 66 65 68 68 67 67 68 53 68 68 68
69 69 69 69 69 69 61 62 62 65 65 65 65 65 65 65 65 68 68 68 68 68 68 68 68
