15 3
3 3 3 6 5 4 7 8 9 5 7 9 8 5 2
3 3 8 7 6 7 9 8 8 5 5 7 3 3 2
1 1 1 1 1 1 1 1 2 2 2 2 2 2 2
1 1 1 1 1 1 1 1 1 1 2 3 3 3 2
4 1 1 4 1 1 1 1 2 2 2 2 2 3 2
4 4 1 4 1 1 4 1 1 1 2 4 4 3 3
4 4 4 4 4 4 4 4 4 4 2 2 4 3 3
4 4 4 4 4 4 4 4 5 4 4 4 4 3 5
6 4 4 4 5 5 5 4 5 4 5 3 3 3 5
6 6 6 5 5 5 4 4 5 5 5 5 5 5 5
6 5 5 5 6 5 4 5 5 7 7 7 7 7 7
6 6 6 6 6 5 5 5 7 7 7 7 7 7 7
6 6 8 8 8 8 8 8 7 7 7 7 7 7 7
6 6 6 8 8 8 6 8 8 8 7 7 7 7 7
6 6 6 8 8 6 6 7 8 7 7 7 7 7 7
6 6 6 8 8 6 6 7 7 7 7 7 7 7 7
6 6 6 6 6 6 6 6 6 7 7 7 7 7 7