15 4
4 4 5 10 9 5 7 7 5 2 4 0 7 8 3
9 11 7 4 8 7 2 3 1 5 3 6 6 8 0
1 2 3 3 3 3 3 4 4 4 4 4 4 5 5
1 2 2 2 2 2 3 4 3 4 5 4 4 5 5
1 1 1 2 2 2 3 3 3 4 5 4 5 5 5
1 1 1 2 3 3 3 4 4 4 5 4 5 5 6
2 2 2 2 4 4 3 4 5 5 5 5 5 6 6
2 4 4 4 4 4 4 4 5 7 7 5 5 5 6
4 4 5 5 4 4 4 5 5 7 7 7 6 6 6
4 4 5 5 5 5 5 5 7 7 7 7 7 6 6
5 5 5 5 5 8 8 5 7 7 6 6 6 6 6
8 5 5 5 5 8 8 5 7 7 7 7 7 6 6
8 8 5 5 8 8 8 5 5 5 7 7 7 7 6
8 8 5 8 8 8 8 5 7 7 7 7 7 6 6
8 8 5 8 7 7 8 5 7 6 6 6 6 6 6
8 8 8 8 7 7 7 7 7 7 6 7 7 6 6
8 8 8 8 8 8 8 7 7 7 7 7 7 7 6
