20 1
5 6 4 5 10 4 7 7 2 10 9 6 10 8 3 6 2 3 3 4
2 7 3 5 4 10 5 12 6 9 3 7 10 7 7 4 2 5 4 2
1 1 1 1 1 1 1 2 2 2 3 3 3 3 3 3 3 3 3 3
1 1 1 1 4 1 2 2 4 2 2 2 3 3 5 5 3 3 3 3
1 1 1 6 4 4 2 4 4 7 7 2 2 3 5 5 5 5 3 3
1 1 1 6 4 4 4 4 7 7 7 5 5 5 5 3 3 3 3 3
1 1 1 6 7 7 7 7 7 7 7 7 5 5 5 5 5 5 8 3
6 6 6 6 7 7 7 7 7 7 5 5 5 9 5 5 8 5 8 3
10 6 6 7 7 11 7 11 7 7 7 9 9 9 8 8 8 5 8 3
10 10 6 7 7 11 7 11 12 12 7 9 13 13 8 13 8 8 8 8
10 11 11 7 7 11 7 11 12 12 12 9 13 13 13 13 13 13 14 14
10 11 11 11 11 11 11 11 15 12 12 13 13 13 13 13 16 16 14 14
10 11 15 15 17 15 15 15 15 12 12 12 18 16 16 16 16 16 16 14
10 10 15 17 17 15 12 12 12 12 12 12 18 16 16 16 14 16 16 14
19 10 15 15 15 15 12 15 15 12 15 12 18 18 18 18 14 16 14 14
19 19 20 15 15 15 15 15 15 15 15 21 18 21 18 18 14 16 14 14
19 19 20 20 20 22 21 21 21 21 15 21 18 21 21 14 14 14 14 14
20 20 20 20 22 22 21 23 23 21 21 21 21 21 21 22 22 14 14 14
20 24 24 20 20 22 22 23 23 23 23 23 22 22 22 22 22 14 22 14
20 24 24 20 24 22 22 22 22 22 22 22 22 25 22 22 22 14 22 22
20 24 24 24 24 24 22 22 25 25 25 22 22 25 22 22 22 22 22 22
20 20 24 24 24 24 24 24 24 24 25 25 25 25 25 25 25 25 25 25
