20 72
1 2 2 1 2
1 5 2 1 3
1 9 1 4
1 12 1 5
1 16 2 1 3
1 19 2 1 2
2 3 2 1 3
2 6 2 2 3
2 15 2 2 3
2 18 2 1 3
4 5 1 6
4 9 2 1 2
4 12 2 1 4
4 16 1 6
5 1 2 1 1
5 10 1 2
5 11 1 2
5 20 2 1 1
6 3 1 4
6 7 2 1 4
6 14 2 1 4
6 18 1 6
8 6 3 1 2 2
8 7 2 1 2
8 10 1 6
8 11 2 1 5
8 14 2 2 2
8 15 3 1 2 2
9 1 1 4
9 3 2 1 5
9 18 2 1 5
9 20 1 3
10 5 2 1 2
10 9 2 1 2
10 12 1 5
10 16 3 1 1 2
11 5 2 2 2
11 9 2 1 3
11 12 1 4
11 16 2 2 2
12 1 1 3
12 3 2 1 5
12 18 3 1 1 1
12 20 2 1 1
13 6 2 2 4
13 7 2 2 4
13 10 2 2 2
13 11 2 1 5
13 14 3 1 1 2
13 15 3 1 1 2
15 3 2 1 5
15 7 1 6
15 14 2 1 4
15 18 1 7
16 1 2 1 3
16 10 1 2
16 11 1 2
16 20 2 1 3
17 5 3 1 1 3
17 9 2 2 3
17 12 2 1 3
17 16 1 7
19 3 2 1 4
19 6 3 1 2 2
19 15 1 7
19 18 2 1 3
20 2 2 1 3
20 5 2 1 3
20 9 2 2 2
20 12 2 1 2
20 16 2 1 3
20 19 2 1 3
