25 104
1 8 2 1 1
1 12 2 1 3
1 18 1 5
1 21 2 1 2
2 2 2 1 4
2 3 2 1 5
2 7 2 1 2
2 20 2 2 3
2 24 2 1 3
3 6 2 1 2
3 10 1 6
3 13 1 6
3 16 1 3
3 19 3 1 1 3
3 24 3 1 1 3
4 3 2 3 3
4 5 1 4
4 21 1 7
5 1 1 4
5 17 1 3
6 7 3 1 2 2
6 11 2 1 4
6 14 3 1 2 2
6 19 3 1 1 2
7 10 3 1 1 3
7 18 2 2 2
7 21 1 6
7 23 1 7
8 3 3 1 1 1
8 4 3 1 1 1
8 15 1 7
8 23 2 3 3
8 25 1 4
9 1 2 1 2
9 13 3 1 1 3
9 18 3 1 2 2
9 25 1 3
10 5 2 1 3
10 7 2 1 5
10 9 3 1 1 2
10 11 2 1 4
10 16 1 6
11 3 2 3 3
11 14 1 4
11 20 1 7
11 22 3 1 2 2
11 24 2 1 5
12 7 2 1 5
12 10 2 1 4
12 12 2 1 3
12 22 3 1 2 2
13 3 2 2 3
13 23 2 2 3
14 4 2 2 3
14 14 1 5
14 16 2 3 3
14 19 2 2 2
15 2 2 1 5
15 4 3 1 2 2
15 6 2 2 4
15 12 1 5
15 23 1 6
16 10 2 1 4
16 15 2 1 4
16 17 2 1 3
16 19 2 3 3
16 21 1 6
17 1 1 3
17 8 2 2 3
17 13 3 1 1 3
17 25 2 1 3
18 1 1 4
18 3 2 1 3
18 11 1 7
18 22 2 1 3
18 23 4 1 1 1 1
19 3 1 3
19 5 1 4
19 8 2 2 3
19 16 2 1 5
20 7 2 2 3
20 12 2 2 2
20 15 2 1 5
20 19 1 4
21 9 1 7
21 25 1 4
22 5 2 2 2
22 21 1 3
22 23 2 3 3
23 2 2 1 4
23 7 2 1 4
23 10 1 5
23 13 2 1 3
23 16 3 1 1 2
23 20 2 1 1
24 2 1 6
24 6 2 3 3
24 19 2 2 3
24 23 2 1 5
24 24 2 1 4
25 5 2 1 2
25 8 2 1 3
25 14 3 1 1 1
25 18 2 1 3
