30 152
1 4 1 5
1 7 2 1 2
1 12 2 1 3
1 15 1 3
1 18 1 3
1 22 1 2
1 24 1 0
1 26 1 1
2 1 2 1 2
2 11 2 2 3
2 19 3 1 1 1
2 28 2 2 4
3 3 2 1 2
3 7 2 2 4
3 16 2 1 4
3 20 2 2 3
3 23 1 3
3 26 1 6
4 4 1 5
4 10 2 1 2
4 12 2 2 3
4 17 2 1 3
4 24 2 1 2
5 6 2 1 4
5 18 2 2 3
5 28 3 1 1 1
6 2 1 5
6 12 3 1 1 2
6 13 2 1 4
6 24 1 4
6 29 3 1 2 2
7 8 1 7
7 15 2 1 1
7 18 1 7
7 21 2 1 3
8 3 2 2 3
8 5 2 1 3
8 8 2 3 3
8 20 1 7
9 1 2 1 3
9 6 1 4
9 10 3 1 1 3
9 12 2 1 5
9 27 2 2 4
9 30 2 1 3
10 4 3 1 1 2
10 8 2 2 3
10 16 3 1 1 3
10 24 1 7
11 2 2 3 3
11 10 2 1 4
11 17 2 2 3
11 18 2 1 4
11 22 2 1 4
11 28 2 2 2
12 7 2 2 3
12 11 1 5
12 13 1 7
12 22 3 1 1 2
12 27 2 2 2
13 9 1 6
13 21 2 2 3
13 23 3 1 1 3
14 2 2 1 3
14 5 1 7
14 11 1 7
14 15 1 7
14 17 2 1 2
14 20 2 1 5
14 24 2 2 3
14 29 1 7
15 2 2 1 2
15 7 2 2 3
15 17 2 1 2
15 21 2 1 2
15 25 3 1 1 1
16 6 3 1 1 1
16 10 1 6
16 14 2 1 2
16 24 1 7
16 29 2 2 3
17 2 1 7
17 7 2 1 2
17 11 2 1 4
17 14 1 4
17 16 2 3 3
17 20 3 1 1 2
17 26 2 1 4
17 29 2 1 5
18 8 2 2 2
18 10 2 3 3
18 22 1 7
19 4 2 1 2
19 9 3 1 1 2
19 18 1 6
19 20 2 2 3
19 24 2 2 3
20 3 2 2 3
20 9 2 1 4
20 13 3 1 1 2
20 14 3 1 1 2
20 21 2 1 4
20 29 2 3 3
21 7 1 5
21 15 2 1 4
21 23 2 2 3
21 27 2 1 4
22 1 2 1 3
22 4 1 6
22 19 2 2 4
22 21 1 6
22 25 1 5
22 30 2 1 2
23 11 1 7
23 23 2 1 2
23 26 1 6
23 28 2 3 3
24 10 2 1 3
24 13 2 3 3
24 16 2 1 3
24 23 2 1 2
25 2 3 1 2 2
25 7 3 1 2 2
25 18 2 1 4
25 19 2 2 3
25 29 1 6
26 3 3 1 1 1
26 13 2 1 3
26 25 1 2
27 7 2 1 3
27 14 1 2
27 19 2 2 3
27 21 1 6
27 27 1 6
28 5 1 6
28 8 1 3
28 11 2 2 4
28 15 3 1 1 2
28 24 1 4
28 28 1 3
29 3 2 2 4
29 12 2 1 2
29 20 2 2 3
29 30 2 1 1
30 5 1 1
30 7 1 0
30 9 1 3
30 13 1 2
30 16 2 1 2
30 19 2 1 2
30 24 1 4
30 27 2 1 3
