35 224
1 4 1 5
1 7 2 1 1
1 13 1 3
1 19 1 3
1 20 2 1 2
1 22 1 5
1 27 2 1 2
1 32 2 2 2
1 34 2 2 2
2 1 2 2 2
2 6 1 6
2 11 2 2 3
2 16 1 6
2 25 2 1 3
2 28 3 1 1 2
3 9 2 1 3
3 18 2 1 2
3 25 2 2 2
4 1 2 1 2
4 4 2 2 4
4 12 1 6
4 15 3 1 2 2
4 19 2 1 4
4 23 2 1 3
4 30 2 1 5
4 32 2 1 4
4 35 1 5
5 7 1 5
5 29 2 2 4
6 4 2 1 4
6 13 2 1 4
6 15 3 1 2 2
6 18 1 5
6 20 1 3
6 22 2 2 2
6 27 2 1 5
6 34 1 6
7 5 2 1 4
7 10 3 1 1 2
7 13 3 1 1 2
7 25 3 1 2 2
7 28 2 1 5
7 31 1 3
7 35 2 1 1
8 2 2 2 3
8 7 3 1 2 2
8 9 2 3 3
8 11 1 7
9 1 2 1 2
9 6 2 1 5
9 16 3 1 1 1
9 17 2 1 2
9 18 2 1 3
9 25 3 1 2 2
9 28 2 2 3
9 33 2 2 4
10 11 1 7
10 19 2 1 3
10 21 4 1 1 1 1
10 29 2 1 5
11 2 2 2 3
11 3 2 3 3
11 7 3 1 2 2
11 9 3 1 2 2
11 13 2 2 4
11 15 1 6
11 23 2 2 2
11 26 1 7
11 28 1 7
11 34 2 2 3
12 17 1 7
12 23 2 1 5
12 32 2 3 3
13 4 2 1 3
13 11 2 2 2
13 12 1 5
13 14 1 6
13 20 1 3
13 21 2 1 2
13 25 2 2 4
13 29 2 1 4
13 30 2 1 4
13 35 1 2
14 1 1 5
14 6 2 2 4
14 17 2 1 4
14 23 1 5
15 10 3 1 1 1
15 13 3 1 1 3
15 18 2 1 4
15 25 1 7
15 30 2 1 2
15 32 2 2 2
16 1 2 1 2
16 6 1 5
16 13 1 5
16 16 2 1 4
16 20 3 1 1 2
16 27 2 1 4
16 34 1 6
17 1 1 2
17 4 2 1 4
17 10 2 1 2
17 17 1 7
17 19 1 7
17 22 2 1 3
17 24 1 5
17 27 2 1 1
18 3 2 2 4
18 6 1 2
18 9 2 1 3
18 15 2 2 4
18 21 2 2 3
18 27 2 1 1
18 30 1 5
18 33 2 1 3
19 9 2 1 2
19 12 1 5
19 14 2 1 4
19 17 1 7
19 19 1 7
19 26 2 2 3
19 32 2 1 3
19 35 1 3
20 2 2 3 3
20 9 3 1 1 2
20 16 2 1 3
20 20 2 1 3
20 23 1 4
20 30 1 3
20 35 2 1 2
21 4 2 2 2
21 6 2 2 3
21 11 2 2 3
21 18 2 2 4
21 23 2 1 3
21 26 3 1 1 3
22 13 2 2 3
22 19 2 3 3
22 30 1 4
22 35 2 2 2
23 1 1 2
23 6 2 1 4
23 7 3 1 1 1
23 11 2 2 4
23 15 3 1 1 3
23 16 2 1 2
23 22 1 7
23 24 2 1 5
23 25 1 6
23 32 1 7
24 4 1 7
24 13 2 1 3
24 19 1 7
25 2 2 2 3
25 8 2 2 4
25 10 1 7
25 13 1 5
25 21 1 7
25 23 1 5
25 27 3 1 1 2
25 29 3 1 2 2
25 33 2 2 3
25 34 2 1 3
26 7 2 1 4
26 15 3 1 1 2
26 17 2 2 3
26 25 2 1 4
27 3 2 2 4
27 8 2 2 3
27 11 3 1 2 2
27 18 3 1 1 1
27 19 2 1 1
27 20 3 1 1 2
27 30 2 1 4
27 35 2 1 2
28 25 2 2 4
28 27 2 2 3
28 29 2 1 5
28 34 2 1 2
29 1 2 1 1
29 5 2 2 3
29 8 2 1 5
29 11 2 2 3
29 23 3 1 1 2
29 26 3 1 1 2
29 31 2 2 4
30 2 1 6
30 9 2 2 3
30 14 2 2 4
30 16 1 5
30 18 2 2 3
30 21 2 2 4
30 23 2 1 4
30 32 2 1 5
31 7 1 7
31 29 2 1 3
32 1 2 1 2
32 4 1 6
32 6 3 1 1 3
32 13 2 1 4
32 17 1 6
32 21 3 1 2 2
32 24 1 6
32 32 2 1 2
32 35 1 5
33 11 1 6
33 18 2 1 3
33 27 2 2 4
34 8 2 1 2
34 11 2 1 3
34 20 1 6
34 25 2 3 3
34 30 1 6
34 35 1 5
35 2 1 5
35 4 2 2 2
35 9 2 1 2
35 14 2 2 2
35 16 2 1 2
35 17 1 3
35 23 1 2
35 29 2 1 1
35 32 1 4
