100
3 1 5 15 13 11
3 0 8 23 22 21
2 0 5 12 30
3 3 4 21 24 23
2 1 5 11 11
2 0 8 21 15
1 0 7 16
2 0 0 0 0
1 1 0 6
3 1 3 18 26 1
1 1 9 25
1 1 2 19
2 0 6 11 15
3 1 7 30 19 6
3 0 9 2 9 27
3 0 10 21 1 18
1 0 8 7
2 2 2 27 16
2 0 1 5 14
1 1 7 15
2 0 8 28 13
1 0 4 9
3 2 1 0 18 16
2 2 8 23 13
3 1 3 27 0 21
2 0 8 30 20
2 1 8 15 27
3 0 1 21 2 10
3 2 8 2 14 6
2 0 0 30 30
3 0 9 3 10 23
2 2 6 13 15
2 0 5 25 12
1 0 6 15
1 0 2 28
3 0 7 1 12 1
1 0 10 26
3 1 8 6 20 10
1 0 8 16
2 2 6 12 11
2 2 5 27 27
1 0 2 3
1 0 10 15
3 1 2 3 12 3
3 0 2 21 19 24
3 1 9 13 22 1
1 1 9 12
3 0 2 14 30 1
3 0 1 0 0 0
2 1 7 7 4
1 0 10 25
1 1 2 6
2 0 4 16 21
3 0 4 9 9 9
2 1 5 11 12
3 0 3 19 6 9
1 0 3 24
1 0 4 9
1 0 9 23
1 0 5 12
3 1 6 14 14 15
3 1 3 3 25 19
1 0 3 6
3 0 4 0 1 17
2 2 7 21 9
1 0 10 22
3 0 6 15 15 18
3 2 5 12 12 12
3 3 10 5 21 25
3 0 10 27 27 0
3 1 3 3 22 29
3 0 7 14 16 13
1 0 2 20
3 1 2 2 2 21
3 0 0 26 19 28
3 0 5 11 11 1
3 0 4 14 12 12
1 0 7 17
2 2 3 5 4
1 1 3 4
1 0 0 7
3 3 8 23 25 11
1 0 6 14
2 0 7 17 17
2 2 6 19 28
2 0 2 13 30
2 0 7 27 1
2 2 7 3 14
2 0 4 29 9
2 0 6 19 29
1 0 4 8
3 2 0 5 2 13
1 1 1 25
3 2 5 2 22 2
2 0 5 11 23
2 0 9 8 10
2 1 6 14 14
1 0 10 30
3 0 2 21 3 2
2 1 8 6 26
