4762999789865789979838469132535949928924821629179961723363249471951799931826691953949998875699647749
2878689389148477519999123173439839916421859766789398177792745399987989799399369898869962879881857886
4681844686577988929825996716999999595142263859539675899257971592875674325292821698696879525129998942
9336787159699929348236396957149575286918149176919845175396915979658979864871977981679794958877594678
4412778865289876989817697439991158316498888846389869221481946188359399391987999799997669499861717661
1439891758972697742611999788912917891385861194286537969159929729819269822367391926215581467965586992
3352872759759591611957718288411915637128687168996939959672784873924132978747687969491913828248378578
6291982518192342881785738844996188999668491931829567896518882959594942969816195948899281728139998788
9296771938999197744892679699868148825285397967775946749986154979839885323669598796289775678988988699
8844945987918794881952985499178597918686792539937549479266251656217789855995299177939879727639195187
9845959295558327898899958841546727857989759388714949297931739899881518998858231782946385768816997178
9399999871929583299199579581519513979855596389486972912477695385963596999976166814896277948797992658
9959926982955354824597572998386996977591117836917979918292735973999274919999789229979792116536155332
1928892746994868916992591978597826986818435467389912759579581833589191148152691718769475961869199688
7821347193889647791119586938717359677452759676938599287999972859799877975987781584629979689431975937
1892568916216999929289688768941871986534365581289728811199784696969715271893758598768727899679472839
9219294694889788837925926897124963617984887939237877899929736359843371997963778978293658997873451998
1957565759989968785699981449598428998512392662916766899961892482397927984579519679714199644719996588
9458962271872699998853845177989233949714868174191512889671615928784693816611129991779824568473581325
3892461794739749889999899186781976988566472831344754795591429219279987798982276799574986366913992798
7737894976951883897691981811319969681746879377929981389725596288864571376512539549944986499775714123
7687928778349194938597862931918673395872257695793951973777195893793698915819599525678781988978939937
6831794963999673369967998889996732494793956628967712999548659898815897263196167663997779128766127912
8997622395481293899453785993476771458759333711798823757664799869646955999241446988136717895915671999
5599932599998411538499842898489589138196784311895294978498185772295329497872852125285799137876898846
8999929799766969919731567999899567155875929874978955643772766874341875989681719177899996949784999296
3593193974316844399485146593419397991899363429336468999779886897954456122694529986819969124699997392
8741949696986225684161799499729849155468598669972949664617857976499678727577915798629989898788179667
3491998495997919311379619994686299813397875972395961999885897957848877984175292975849999197494978539
7527989738485949921627896879279711519999999945739934931338784986598923498983271982294439497878687444
4994897886123918365389269966912735252982985427986797969258398696938849867524691471236399297291989358
8881816368599426949379779899994872324493686299986798832473474688519896388179694987952966868277886352
8751298929569472949799786684999979875496823987262929319191497577959184724499896799597989478265586738
8782298519538497619866878712479278161663919333955982965774595171873128979817598744916419979899179214
4554691118584993947979993265298278173991282621659737689282965899847389919269914422848968895369498738
9277899998979465399928284699959373649196351948579392579968969868986953327749878377978699177218299941
7569339278785766897999768696448833341988929853368798662158852997815536799994919198671596889757677999
1837964547696773949564826992959392161999355554497961892976899191684121279835855833977928577285897895
2749969919347194918597995623263389779171986694771279918397875958729999226999991578959474774797765995
7911615111999112159847621819997664696488884538868698981887398998929287249891799919299696383599872893
9643818751985791939936781722839893988629429969856697597878874567593996721917785617475519825961357479
2366799923998592386689723876961726491395681948899636119989198998879882598614237918938859272796918691
2631991758297292757587299411319389972864799988388196919836292451979196961615973719587453885557932893
3682395649991194542683498268916998968997815588277799887488698992313979939919299399789948984287522787
8974983928916948544486992499966689614877456512999156749483877221994919827917195835499839291114989957
6979699891172936885115359987714931481394689914163686858827499784888859289913761827499387594959973397
3648569838938959291916993995982446861817791195799897494912189567979999799928998818275389945769819498
6177118239191792696998735974684857688174878998928971295977978979686933766915179638756199666193858599
8959336638769999559129594683482846634249899584799934599223799697291989191966997915272637773526292199
9899978978593988899398167845779876129273259626279696674759222874696722386188189448735845121876447511
6399921389952153952793989972498336848129496968817191247788558799818978984538273988821998942799897843
8978588814899891775971999899156414996515979187227979189852767149858491787756125329778865941961892198
6119999687859977498382999689899229995399935893819888785127987919624297984999841236966879833518989718
9717961956992692598699751599898562768799238138979627458366118854751194358219912916697944616839592891
5673266572456999712818158766799194125696799899694194294794999968287995262445969168389776982259111692
7964999478699988946999676227893348424965567992846717219139977339695771699769174151917955993389577398
4122987881144241995391957459891218997596581679857196891185693899869796199186193796447789795987969919
9118918158986388899999295115876999997195919987937238978366717826814978169194934754952319995886616983
5989979993949199791559995999769189169541945944126897878668597978871688918949897252835974988377999888
9374842789588597366915984899838998588339997832659684434197114978198791227999918681926371917759822885
9778847728859979636851954999841198177479772888999999816436949192429334183934979933527198941779185639
7919111283211986984789798877699585897891657999334958819797869189175911793915939988672999395979849922
9824497799744979946899298141813192997453721892895226232847962894361569176991626568174499485399786147
3669944891876749599728875379329253975289541148196479189787569911644489346487189463519819281229325897
6699974887496899946569637756992139989799889512416997977287274241198711147939534786785973398819697426
3996944285891796929193795974179698581947869643897928458631799129992128614699777912779288294565999562
9239538959489197919397857981869188587767999729286817989971992949997697939797778787795918737988836286
7347595534698985891757797838379781145198589269679215959929768939499784983454989799959193889897768978
8238589778749885851745875866959916983249898938987399881668388985992295888989657885583455213995951884
4688699814498294919994691975797168898538589731872287169349676984979419695779898194187195652589985869
2288292911618981929994978518583781491815885146988655594973495991476953191497198939463799286582911117
5959965718799584752989983867469289823441798871614294978759847177918447695787996397989177118988489517
9669646799796669898845465887216798126612787878765779983688652198374612189972799261786196997548929969
9558165182991255313812484696593999819735938715389672985728685936977589816128239894593649313877985811
1155699679822991599679374234848649889935999881464978382862116798898892999977997528499986926689399372
9697796811413127934156299388679295289649821979314749382789567996389797418928942991979978551159389379
9986899699318847914381869499798887688737997719614166794966999981885999882439519991294394464299359715
8992939287636859888948395911988977898789291159998996485878759887196995699998764891899139929786379173
4291285299881739981955928196234183865178529999189288999817919969515889364795566879139125526998948487
4397762997618899492392999679494892769775129872789311576919896766294726765487888528327997295765777619
9766397755468992319978865858829779689595871197982826557785989296998219598174967729375895189499999839
9893949927991398697997983498785279435873772256882991949949238798933964941969181193656769756883696736
3887979831398762567697749694924949919469959228633939963347882765899887791469963978417622559371513683
5116441928943918482472799168697483239999951126941246719988963979827574138588143639867477619869198149
8225977312948463165989887228799919743943621649392979912118833861492799959992875919329991181666299329
6929118777971219949714588869962838247196216919989989927194899195986612689988374267888161279948886989
9282568773999595789176314848281219991845911995919579586992798713898124412136998651349529998831591577
8899688688969577987967697313167749815697313969984399129679999864969799218995978747974456869415539997
1698537984392811977692899891691225129953889371999289778779898931998298937694494691919688911798847969
8982256471411918978798397498851479139979398278965134288948489568998861666188499197678993885859799888
8918994662892979988966798389978842969965486886499153824982234752661459983795537521647493115929994597
9698758199836784799338912987287861925379975693841636611388688969485979875648951894147592761688159981
9289988389744992999947867619987957727955788959292994344754585259188816353564577928677554458737989151
5649792159719142983778898779793192499439898794786389659818958865755928574497196979819948994295991155
9955996223898787799629274927417629279677281899896998389916597798412649417619939872233617972991972979
8896972417796897466198771849598333659811593287984998799982227923769899887697989196933491797656589959
8929197695685946989955451996992847784359198649981739766247819192135668499862869967111985341969471577
7758493985827548487978389978352561798197251191988369999168838298726778972291944826447981829987977678
9596899189247929998998329673792729789795579158889719596999369799667795378283669384147797179955895995
4868743394828817989695434879853789734813996791799899976989432788899974859349893212796561349138949939
