100
189.00000 2.00000 378.00000
185.00000 2.00000 370.00000
495.98574 1.38412 1918.63831
261.00000 3.00000 282.00000
351.0 3.0 1663.0
497.78110 1.43881 1948.39252
448.42514 3.96389 1282.43927
388.0 1.0 1846.0
500.0 4.0 437.0
448.8975 1.625 868.311
496.44823 1.49213 1939.52448
471.3065 3.30377 1275.30
358.977 3.1 770.0
50.0 1.0 1815.0
24.89865 3.0 1430.2
494.94907 1.17306 1983.50333
495.74593 1.18034 1985.87755
1.03397 3.87614 1999.03277
498.91787 1.38842 1941.56683
497.67888 1.39810 1948.44903
490.04994 1.09559 1924.40058
495.99417 1.39052 1907.76415
240.487 1.898 945.57624
69.651 1.1 2000.000
64.38 3.93 843.9
385.0 2.88 1434.5764
498.27567 1.28835 1955.57701
498.49793 1.23181 1968.21567
74.0 4.0 682.0
196.0 1.0 1822.0
69.09116 3.24573 550.71004
492.82622 1.48116 1965.39189
498.13994 1.33656 1935.98822
494.44434 1.33325 1999.14765
497.39141 1.22068 1931.76827
496.78910 1.05881 1954.69800
459.0 1.6893 137.12
70.0 4.0 780.66611
498.93041 1.74864 104.42997
287.5 1.77252 1.000
134.75097 1.40516 375.35890
76.82140 2.87716 142.27266
151.00000 2.00000 302.00000
496.97186 1.45134 1960.19862
494.02748 1.42317 1623.53666
492.02192 1.34003 1986.57955
184.00000 2.00000 368.00000
495.91566 1.11788 1916.42605
491.18796 1.19218 1983.95885
1.14558 2.53715 2.32116
498.02965 1.43894 1949.39177
492.55241 1.16168 1928.62750
496.24660 1.02982 1930.84923
494.32519 1.23337 1953.09100
352.00000 2.00000 377.00000
493.45814 1.28567 1917.14714
186.50373 1.6 1800.3915
1.06496 3.03915 1999.70541
500.000 1.0 1947.1035
480.9 3.655 1641.194
485.80709 2.15631 140.07748
144.17247 2.46515 1073.06369
499.0 2.0 612.0
496.30940 1.15037 1907.26501
375.17067 3.47920 1463.44808
39.0 4.0 15.0
111.44819 3.16192 394.82665
492.47016 1.43355 1994.61440
496.79857 1.36829 1956.68965
330.11700 3.86826 1548.79558
182.20500 1.71499 784.18869
394.0 1.0000 640.6
352.00000 2.00000 400.00000
1.0 2.9308 1820.79194
265.0 4.0 1488.0
494.82497 1.05904 1936.53708
1.00584 3.44122 1999.32961
326.25950 2.41132 408.90442
496.04416 1.45830 1947.11989
377.0 3.0 1452.0
1.01679 3.71279 1999.10926
81.1 2.0 1867.0
491.41765 1.43625 1973.04386
490.98062 1.47327 1991.05576
356.73071 3.216 1285.85483
428.47797 3.73385 147.55462
444.09559 3.54896 850.69923
256.0 1.0 1191.0
413.71863 3.72899 495.67044
79.0 2.0 1049.0
498.51123 1.35155 1981.54018
428.0 2.0 653.0
492.94153 1.01425 1933.58858
333.47049 3.20654 168.18935
67.06835 3.74304 431.07508
18.38923 2.34748 1153.83714
339.00000 4.00000 359.00000
164.82261 1.65667 1030.81762
495.79314 1.24242 1993.11612
3.80342 1.9 883.302
