100
9997.78110 1.43881 99948.39252
326.25950 11.41164 408.90442
9998.02965 1.43894 99949.39177
8377.0 99.0 9452.0
8579.0 22.0 87049.0
1.03397 99.87614 99999.03277
943.09559 87.54924 850.69923
9039.0 12.0 16015.0
9991.41765 1.43625 99973.04386
9993.45814 1.28567 99917.14714
681.20500 43.71507 784.18869
11.86478 96.27220 80.09964
199.0 41.97510 1174.42
6256.0 53.0 19191.0
9992.94153 1.01425 99933.58858
4851.0 15.0 95663.0
642.0 100.0 1174.493
2.65322 39.72923 495.67044
640.5967 72.8 557.0
1206.38 28.0 733.9
9994.94907 1.17306 99983.50333
9992.47016 1.43355 99994.61440
9995.91566 1.11788 99916.42605
6359.00000 55.00000 6999.00000
6550.0 37.0 75815.0
1254.40 23.2 62.46543
403.331 81.0 622.16
9994.44434 1.33325 99999.14764
9998.91787 1.38842 99941.56683
1.00584 99.44122 99999.32961
9998.51123 1.35155 99981.54018
9995.74593 1.18034 99985.87755
8189.00000 2.00000 16378.00000
8685.00000 2.00000 17370.00000
9992.02192 1.34003 99986.57955
9627.00000 30.00000 10313.00000
9992.55241 1.16168 99928.62750
1342.074 99.1955 821.766
1065.06835 33.74359 431.07508
1.06496 99.03915 99999.70541
157.02576 57.24591 550.71004
9888.0 17.0 55846.0
498.93041 19.74884 888.67778
1765.0 52.0 83488.0
9990.98062 1.47327 99991.05576
1404.414 15.02696 1062.664
1109.44819 54.16260 394.82665
399.69 47.3059 342.4293
1696.0 65.0 31822.0
805.260 30.6330 746.16
9995.98574 1.38412 99918.63831
9996.78910 1.05881 99954.69800
517.38923 86.34751 1153.83714
643.17247 41.46567 1073.06369
164.82261 85.65702 1030.81762
956.0 38.7919 1078.74669
9998.27567 1.28835 99955.57701
9996.24660 1.02982 99930.84923
7151.00000 2.00000 14302.00000
9994.32519 1.23337 99953.09100
197.5430 70.733 138.14
9992.82622 1.48116 99965.39189
1.01679 99.71279 99999.10926
9998.13994 1.33656 99935.98822
9995.79314 1.24242 99993.11612
1373.17067 90.47965 248.69588
9995.99417 1.39052 99907.76415
9074.0 64.0 80682.0
448.42514 81.96452 67.68708
9997.39141 1.22068 99931.76827
680.7 37.5178 1192.813
494.02748 91.42330 408.78447
9994.82497 1.05904 99936.53708
9996.04416 1.45830 99947.11989
1009.8 85.0 656.96378
9997.67888 1.39810 99948.44903
10000.00000 75.76 124.0
4428.0 2.0 96653.0
9996.79857 1.36829 99956.68965
999.0 98.0 36612.0
8926.00000 2.00000 9086.00000
9996.97186 1.45134 99960.19862
333.47049 24.20664 168.18935
184.00000 2.00000 368.00000
9991.18796 1.19218 99983.95885
9998.49793 1.23181 99968.21567
1328.11700 12.86887 334.04339
1132.75097 55.40585 375.35890
216.134 77.87 447.8095
74.74168 29.15693 140.07748
9404.00000 56.00000 9586.00000
210.3 97.70885 555.17914
548.8992 2.92 139.16996
516.41256 12.73446 931.80242
640.46 87.829 100000.0
6500.0 40.0 88437.0
9996.30940 1.15037 99907.26501
9990.04994 1.09559 99924.40058
575.82140 74.87741 926.52047
9996.44823 1.49213 99939.52448
