100
1
12 10 11 3
4 2 16 8
1 14 9 6
5 13 15 7
1
10 11 12 3
7 5 8 15
13 2 9 16
6 1 14 4
2
16 11 2 13
1 6 15 7
9 5 12 10
3 4 14 8
1
5 1 15 12
2 7 3 9
13 10 16 11
8 6 4 14
4
14 5 15 16
12 10 11 7
6 8 3 1
4 13 9 2
3
9 11 10 15
12 7 3 14
16 5 8 1
4 13 6 2
4
1 2 11 15
9 12 13 7
16 5 4 14
8 10 6 3
4
11 12 6 13
5 3 7 9
10 14 8 1
16 2 15 4
1
14 7 6 15
2 13 9 5
8 12 1 11
16 10 4 3
1
14 4 5 2
9 3 7 6
16 15 11 10
12 8 1 13
4
6 9 5 13
2 11 3 1
12 16 7 14
4 8 15 10
3
15 11 4 7
8 5 14 12
10 1 9 13
6 3 2 16
2
4 5 12 15
7 3 16 6
1 2 14 10
13 11 8 9
2
1 8 7 9
6 11 14 2
4 12 3 15
13 10 5 16
4
2 12 7 14
16 10 3 4
8 11 15 1
13 6 9 5
4
5 3 15 16
4 14 8 2
7 10 13 9
1 6 11 12
4
14 6 15 2
7 9 11 1
16 13 5 8
4 12 10 3
1
10 9 2 8
5 15 3 11
6 13 12 4
1 14 16 7
4
15 3 8 7
9 16 12 10
14 11 1 6
2 13 5 4
4
12 9 2 8
10 11 13 16
7 15 1 6
14 5 4 3
2
2 3 15 9
16 14 7 10
6 11 1 4
8 13 12 5
2
15 9 3 8
12 6 13 5
14 7 4 1
16 10 2 11
3
7 10 13 9
5 6 1 8
12 16 11 2
4 14 15 3
4
1 13 8 4
5 6 10 2
9 14 7 3
16 12 15 11
2
1 9 5 14
10 3 12 16
7 15 13 11
2 4 6 8
2
4 6 16 12
13 9 10 1
11 5 7 3
14 8 15 2
3
3 12 6 2
9 15 7 11
10 14 5 8
16 1 13 4
3
5 11 3 4
12 15 13 6
10 8 7 1
9 14 2 16
4
15 12 2 14
3 13 10 8
1 6 11 5
16 7 9 4
3
13 14 5 3
10 16 1 9
6 7 2 4
15 11 12 8
2
13 6 1 4
16 2 3 9
8 11 5 15
7 12 10 14
3
14 15 6 13
9 10 4 12
3 1 16 11
7 5 2 8
3
15 8 2 3
7 12 14 9
4 11 5 10
1 6 16 13
3
5 16 8 15
4 7 2 13
12 10 14 9
6 11 1 3
4
6 8 15 7
5 16 3 14
4 2 9 12
1 10 13 11
3
14 11 6 5
16 8 13 2
9 7 1 15
12 3 4 10
3
14 3 16 5
15 6 4 1
2 8 13 7
12 10 9 11
2
6 12 15 14
10 5 1 4
2 3 11 8
9 16 7 13
3
5 11 6 1
2 14 15 8
13 9 12 3
4 16 10 7
3
7 3 13 10
8 11 1 16
9 2 12 5
15 14 6 4
3
5 11 6 9
16 2 1 3
4 13 12 8
10 7 14 15
3
14 5 8 7
13 9 11 6
1 10 15 16
4 2 3 12
4
11 9 5 10
12 15 2 4
16 3 6 14
1 7 8 13
4
9 16 1 3
10 15 11 4
5 2 14 13
7 12 6 8
1
7 9 14 3
13 15 6 1
4 5 16 8
10 11 2 12
1
3 7 14 9
8 15 2 4
1 6 11 10
12 16 5 13
4
7 4 14 10
15 13 12 1
5 16 11 2
6 8 9 3
2
2 15 7 8
9 4 11 16
10 3 14 13
6 5 1 12
2
13 6 3 11
12 9 10 1
2 4 15 8
7 14 16 5
1
10 2 1 9
8 4 3 6
14 7 5 13
11 12 16 15
2
4 2 6 12
5 13 8 11
15 7 14 16
9 1 3 10
2
1 2 10 16
13 8 11 5
15 6 9 7
3 14 12 4
2
13 1 8 3
9 4 11 15
5 6 2 14
12 7 10 16
2
5 6 10 13
15 9 11 4
7 12 2 3
14 16 8 1
2
7 16 6 15
2 4 3 5
13 12 11 9
10 8 14 1
1
5 6 12 7
11 4 3 9
13 8 1 10
2 16 15 14
4
15 12 16 8
10 5 7 14
3 9 4 1
13 11 2 6
1
8 12 10 14
6 16 13 3
9 5 1 11
2 4 15 7
3
10 16 1 9
12 6 2 4
13 7 11 15
5 14 8 3
2
6 3 4 2
1 11 8 12
9 7 14 16
10 13 5 15
4
4 14 8 9
7 16 1 5
6 2 15 10
3 11 13 12
4
13 9 16 15
11 1 6 12
7 10 2 4
3 8 5 14
1
12 10 1 5
4 13 16 9
2 6 14 11
8 15 3 7
2
3 5 14 11
6 13 1 2
9 12 8 15
7 4 16 10
3
1 4 7 6
10 15 11 2
12 13 3 9
5 14 16 8
3
4 8 1 2
15 13 3 14
5 11 10 7
16 12 9 6
4
9 14 2 1
10 12 3 4
8 16 11 7
6 15 13 5
3
1 5 8 2
12 15 13 6
10 9 11 7
16 14 3 4
2
8 14 13 1
11 9 10 3
12 15 16 5
4 2 6 7
3
9 15 13 11
4 14 3 10
16 12 8 7
2 6 1 5
3
10 1 14 4
15 5 9 7
3 13 16 12
2 11 8 6
2
5 13 2 14
9 11 6 12
1 15 4 7
10 3 8 16
2
11 4 16 8
10 7 1 14
13 15 9 12
3 6 5 2
1
15 9 3 6
16 7 1 10
5 11 13 12
14 4 2 8
2
10 14 15 3
5 16 11 2
9 1 12 6
13 7 8 4
1
9 1 4 3
13 5 14 11
10 2 8 15
16 12 7 6
3
1 12 14 8
16 7 4 6
2 10 15 5
11 9 13 3
2
2 8 10 1
11 3 7 13
4 14 15 16
5 6 12 9
4
2 15 1 16
6 12 13 14
4 5 10 3
8 7 11 9
4
5 3 2 8
16 15 9 4
13 10 12 7
14 11 1 6
4
10 8 3 12
13 14 1 5
6 9 7 16
2 4 15 11
4
12 5 16 11
10 1 6 2
8 7 4 9
3 15 13 14
3
6 9 1 4
11 10 8 15
12 13 5 3
14 2 16 7
1
6 8 4 15
5 7 3 1
11 10 14 12
13 16 2 9
2
16 9 5 3
10 11 2 6
7 15 4 1
13 12 14 8
1
3 10 14 7
11 1 16 5
4 12 13 6
8 2 15 9
1
8 10 14 4
16 5 6 2
3 9 7 1
13 12 15 11
4
15 6 5 10
11 2 7 14
8 12 16 13
3 4 1 9
1
13 10 7 14
15 2 5 12
3 6 9 4
1 8 11 16
4
7 12 4 5
6 15 8 10
14 9 13 2
3 1 16 11
3
2 7 14 12
6 10 8 11
3 9 1 4
13 16 15 5
4
4 12 15 9
16 3 11 14
7 5 2 1
10 8 13 6
2
4 1 16 9
3 5 15 14
12 6 2 8
7 11 10 13
3
9 11 5 1
14 12 13 7
6 10 4 15
16 3 2 8
4
15 16 2 8
12 9 7 14
11 13 6 4
3 10 5 1
2
14 1 9 16
5 4 12 15
2 7 8 13
11 6 3 10
1
15 8 5 16
2 11 9 14
4 6 3 10
1 12 13 7
2
5 11 15 16
7 1 3 6
9 2 10 14
8 13 12 4
3
7 6 8 13
5 11 4 16
12 1 3 15
9 10 2 14
2
12 10 9 14
4 1 15 3
8 6 11 16
7 5 2 13
3
14 12 4 10
2 3 16 7
11 6 15 9
13 5 8 1
4
15 12 7 8
14 3 13 6
9 11 2 10
1 5 4 16
3
3 2 9 8
14 15 1 4
11 5 16 7
6 10 12 13
3
16 13 2 12
4 7 9 14
6 5 1 15
10 8 11 3
4
14 10 11 5
1 4 9 8
15 6 3 2
12 7 16 13
4
3 8 12 11
16 2 5 14
6 7 10 13
15 1 4 9
3
13 2 8 3
9 14 10 6
16 12 7 15
11 4 1 5
3
9 14 15 10
3 12 2 7
6 1 16 5
8 4 13 11
1
7 12 3 10
15 6 5 11
9 1 2 13
4 16 8 14
2
16 7 9 13
3 8 10 4
6 12 14 11
5 1 2 15
4
6 16 15 7
8 5 11 1
10 12 4 2
3 14 9 13
4
11 3 5 6
2 14 8 7
13 16 12 1
10 15 4 9
3
10 1 2 6
15 9 12 4
7 13 14 8
16 5 11 3
2
13 4 15 1
16 10 11 12
3 5 2 6
7 8 9 14
2
4 9 14 16
10 11 6 15
2 7 1 13
3 5 8 12
4
12 2 1 14
15 8 13 11
6 4 10 7
5 3 9 16
2
5 16 8 7
2 3 15 13
14 9 4 6
1 10 11 12
1
8 10 5 13
11 1 4 3
12 9 6 15
16 2 7 14
2
13 16 8 7
6 3 5 2
14 11 1 4
12 10 9 15
4
12 16 15 14
4 7 8 10
1 3 11 9
13 6 5 2
2
11 4 12 3
1 13 5 15
10 2 16 8
9 6 7 14
4
9 13 7 1
8 10 16 6
11 15 5 14
2 12 3 4
4
13 14 9 1
16 8 2 5
3 10 4 11
15 12 6 7
2
3 7 14 8
16 10 6 13
9 5 1 2
4 12 11 15
3
10 1 8 15
4 13 5 14
9 16 7 2
12 6 3 11
1
10 11 5 4
3 15 1 8
2 7 13 14
6 9 12 16
1
12 13 16 8
10 11 3 5
2 14 15 1
9 7 6 4
2
11 8 16 10
5 2 4 9
1 13 14 6
7 3 15 12
3
1 9 3 4
8 15 12 2
6 5 7 14
10 13 11 16
1
6 14 5 11
7 15 13 12
2 10 8 9
3 1 16 4
4
8 5 15 2
16 13 11 12
10 9 3 6
7 4 1 14
1
16 4 7 14
13 9 8 3
5 11 2 1
6 10 12 15
2
1 9 12 4
15 11 5 8
10 13 3 16
14 2 7 6
4
13 6 7 9
3 12 16 14
1 2 4 10
15 5 11 8
3
14 4 2 3
11 16 13 12
8 6 15 7
5 9 10 1
4
3 14 6 13
15 12 10 1
7 5 16 11
8 9 2 4
4
7 4 11 1
2 13 6 3
12 15 9 8
16 14 10 5
4
15 1 14 7
11 4 8 10
5 9 2 12
3 13 16 6
3
3 7 13 8
10 5 15 11
9 16 14 6
12 4 1 2
2
5 15 1 10
12 2 4 8
14 3 13 6
7 9 16 11
4
10 2 6 3
7 14 11 9
8 15 1 12
4 13 5 16
1
8 4 5 13
1 16 7 2
9 12 6 10
3 15 14 11
4
10 16 4 8
1 12 13 14
11 2 3 9
15 5 7 6
1
7 3 8 9
15 13 16 10
5 11 6 12
14 2 4 1
3
11 1 15 8
13 4 3 6
2 7 10 16
5 9 14 12
1
15 3 7 12
14 1 9 8
5 16 13 11
4 6 2 10
4
14 7 3 9
6 10 4 16
2 12 11 5
1 13 15 8
3
5 9 7 14
11 10 4 2
8 1 13 15
16 6 12 3
4
1 10 14 6
9 4 5 3
11 13 12 8
15 7 2 16
1
5 7 11 4
12 16 8 13
9 10 3 6
2 1 15 14
1
3 14 13 7
5 16 1 15
9 11 10 8
6 4 2 12
1
5 8 16 7
9 3 13 15
1 4 2 6
12 14 11 10
1
9 4 6 11
1 16 2 5
8 12 13 3
10 14 7 15
1
2 12 11 9
15 13 7 4
6 5 3 1
14 16 10 8
1
14 1 13 4
16 15 7 5
9 10 11 12
3 2 8 6
3
11 12 2 6
8 7 3 9
1 16 13 14
4 10 5 15
2
14 3 12 10
4 16 11 9
5 13 6 2
15 1 7 8
1
1 10 13 14
9 15 7 16
2 6 11 4
3 12 8 5
4
6 14 9 4
8 10 5 3
16 11 7 12
2 1 15 13
1
3 14 6 5
12 13 8 15
11 2 16 10
7 1 4 9
3
10 9 12 7
5 11 14 8
2 16 4 1
15 3 13 6
3
16 13 3 10
9 5 11 2
8 6 15 1
14 7 12 4
1
8 3 16 10
9 4 13 2
15 5 1 11
6 14 7 12
1
2 14 16 15
8 13 9 4
5 11 10 12
1 6 3 7
3
16 3 4 12
2 7 11 8
13 6 10 15
5 9 1 14
3
7 4 5 11
12 14 2 9
8 15 10 3
16 6 1 13
3
13 4 12 10
9 1 14 5
3 11 7 6
15 8 2 16
3
12 14 10 7
11 3 16 4
8 6 1 5
13 15 9 2
3
10 13 11 14
12 5 2 4
8 3 16 9
1 6 7 15
3
6 10 2 16
9 13 3 14
4 15 11 12
1 5 8 7
3
6 14 1 15
2 10 16 8
9 7 11 5
13 12 4 3
2
13 8 10 4
11 5 9 2
12 14 7 15
1 3 6 16
4
1 16 12 15
8 3 2 7
6 14 5 10
4 11 13 9
1
9 2 13 16
6 15 1 3
8 7 11 5
14 10 4 12
2
9 5 15 16
2 10 13 7
3 12 1 14
8 6 11 4
1
3 15 4 2
7 1 6 10
12 11 9 8
14 13 16 5
3
7 3 1 5
9 6 13 11
2 15 12 14
16 8 10 4
2
15 14 8 16
1 3 5 7
12 4 9 2
13 10 11 6
4
9 7 12 13
2 10 4 8
16 11 6 14
15 3 5 1
3
3 10 7 1
14 9 4 13
12 5 2 6
11 15 16 8
2
11 3 4 14
15 16 10 12
6 8 9 13
5 2 1 7
1
7 1 16 9
5 8 4 6
3 10 13 15
11 2 12 14
1
12 2 14 3
16 15 13 6
1 8 7 4
9 10 5 11
4
11 2 12 8
5 9 13 7
15 1 14 16
10 6 4 3
4
10 9 12 16
4 8 15 11
6 7 1 5
3 14 13 2
4
9 2 16 13
14 12 15 3
4 8 10 11
6 1 7 5
3
15 4 13 3
9 2 10 7
16 14 11 6
5 8 1 12
1
6 11 2 12
1 10 16 5
8 4 9 14
13 7 3 15
4
12 5 2 11
7 14 16 9
10 3 15 8
4 6 1 13
1
7 11 8 16
3 5 1 14
2 13 9 10
15 4 12 6
4
4 10 15 9
6 16 5 8
11 1 14 3
7 12 13 2
4
13 5 7 15
4 2 16 3
8 10 9 1
6 12 11 14
1
7 4 16 15
2 9 5 8
12 6 3 11
14 10 1 13
4
4 3 13 15
12 14 8 5
1 6 9 16
7 2 10 11
2
13 11 3 15
1 2 16 6
12 9 5 7
8 14 10 4
2
9 14 7 16
5 6 2 11
3 12 8 13
15 10 1 4
1
1 6 14 15
7 9 8 13
16 10 12 4
3 2 11 5
3
9 16 12 3
2 10 7 6
8 14 15 1
13 11 5 4
1
15 3 13 6
2 4 16 9
7 12 1 5
14 10 8 11
2
6 12 4 11
16 1 14 2
9 10 13 5
7 15 3 8
