100
630 86
1091 298
108 2079
1602 855
1332 1696
759 2384
1734 1470
2116 1225
1286 2352
2792 932
1356 2463
525 3490
2198 1830
3095 1022
667 3528
1405 3010
914 3514
2341 2334
2287 2409
3753 1189
1754 3213
1131 4138
16 5580
1716 3939
1122 4674
1258 4596
611 5275
847 5112
5800 167
2541 3431
1780 4253
4479 1628
1398 4732
3419 3025
4052 2496
5383 1247
1717 5161
6761 147
3917 3071
539 6690
6902 781
2909 4806
4629 3500
6766 1413
5634 2613
7782 670
5969 2581
5945 2630
2130 6532
3092 5713
7344 1580
4579 4349
5378 3614
4634 4667
3564 5781
174 9387
8225 1647
8627 1258
9025 895
5938 3994
5557 4515
5966 4263
9013 1663
3306 7478
8428 2564
3915 7161
9502 1602
2948 8381
2045 9368
6229 5273
1880 9886
8425 3961
6908 5585
4599 8050
9123 3611
4750 8007
4812 8021
6955 6561
8051 5574
8540 5131
7226 6507
9770 4188
5882 8250
4703 9584
8617 5900
6241 8423
6824 8358
8016 7315
8266 7175
7592 8016
9386 6377
9461 6366
8171 8184
9831 6667
7020 9646
7523 9296
9413 7677
8273 9238
9522 8648
9978 9522
