61
6 2
0 5
4 1
6 2
0 5
5 3
8 3
5 7
7 0
0 2
6 3
0 3
4 3
0 2
8 3
2 4
5 0
7 6
8 3
5 4
4 3
6 4
6 2
0 1
1 3
6 3
4 3
4 2
1 3
4 2
3 2
2 1
8 3
5 7
5 0
3 2
6 3
5 0
3 2
4 5
6 2
4 3
3 5
8 2
1 2
5 0
8 2
7 0
4 5
4 3
0 1
1 3
2 0
4 3
2 3
1 2
3 1
6 3
1 3
2 3
0 3
8 3
2 4
0 7
0 1
6 3
1 3
5 3
2 4
6 2
0 4
2 5
16 47
3 11
4 6
9 12
9 13
15 6
7 14
14 2
5 0
1 7
8 0
10 7
9 15
14 15
12 1
11 7
4 11
13 3
4 15
10 5
8 9
13 11
8 4
14 1
9 6
10 0
12 14
1 10
0 14
1 6
9 3
2 9
9 1
5 4
10 6
3 1
13 7
5 14
0 15
6 0
6 13
4 13
10 14
15 12
13 12
1 0
10 4
11 8
18 56
17 10
11 12
8 7
15 1
7 12
12 16
13 17
16 1
17 6
6 15
3 7
13 6
4 17
13 11
10 0
17 7
11 10
12 6
1 10
5 3
7 5
10 8
16 15
4 7
9 11
15 0
2 4
1 12
3 6
14 6
13 0
15 5
3 15
0 8
8 2
3 11
0 11
0 16
11 14
16 2
5 0
2 1
12 17
0 2
10 9
11 5
2 7
6 5
7 0
14 12
5 17
8 11
11 2
10 2
2 15
6 11
18 57
13 12
13 2
12 7
6 4
4 1
15 8
4 11
13 14
17 14
2 4
0 5
9 16
7 10
8 3
15 0
11 17
9 12
3 14
8 10
4 12
1 3
11 5
8 4
10 3
5 1
11 6
12 17
1 6
5 9
16 0
8 1
8 11
17 3
1 16
6 14
15 16
2 11
3 5
4 17
16 10
14 8
3 6
11 7
1 15
9 4
6 2
4 10
7 1
16 8
7 6
3 4
10 5
15 4
5 15
10 12
6 0
12 3
20 47
11 15
15 10
1 15
10 2
13 0
9 4
19 17
3 5
11 16
4 13
7 12
13 12
9 3
4 8
16 13
6 7
12 4
9 11
14 7
14 15
7 9
19 16
6 15
2 15
16 3
16 1
13 3
0 12
10 14
3 1
0 3
7 4
9 19
8 11
8 16
9 15
3 11
19 2
10 18
18 9
2 0
11 5
5 6
9 5
13 1
15 0
17 4
18 59
1 4
17 6
16 17
1 16
5 15
7 2
15 2
12 8
0 7
14 7
8 7
1 17
14 3
0 12
17 7
15 7
16 5
13 10
3 4
15 10
4 15
17 3
17 8
17 11
9 14
9 5
9 0
11 0
8 4
16 6
16 10
17 5
14 16
15 11
5 12
3 10
1 6
10 9
1 0
7 16
17 10
4 10
13 11
9 1
0 13
6 8
3 8
9 12
2 3
10 1
13 3
9 16
1 14
7 1
2 16
7 10
6 3
3 11
10 6
18 34
3 7
0 9
13 8
8 12
8 6
15 5
0 12
10 8
15 1
5 7
4 6
2 6
1 16
2 15
13 16
17 16
3 9
4 15
13 15
7 16
3 2
6 17
10 17
17 5
15 10
6 1
16 2
3 16
3 6
2 12
7 13
12 14
6 5
13 4
20 42
18 6
7 19
0 8
3 5
15 16
9 4
19 9
2 4
13 3
1 15
11 9
2 10
7 14
3 6
14 5
10 1
13 7
2 1
13 6
4 12
7 15
19 4
8 19
2 17
18 4
19 13
19 3
0 11
19 18
5 17
18 1
3 17
10 7
8 2
14 9
2 0
16 17
19 10
3 4
9 16
6 11
13 9
20 55
5 14
15 0
19 6
8 11
13 18
14 12
13 1
5 15
7 1
9 6
19 7
15 18
14 7
10 3
0 2
19 18
8 2
4 6
0 6
11 18
17 4
17 0
19 5
5 0
11 0
10 17
0 14
8 13
1 0
8 19
4 3
0 8
12 11
2 15
17 3
1 4
9 0
1 9
6 14
19 12
9 15
8 3
1 8
6 13
19 13
0 18
17 9
6 18
16 10
10 9
0 19
10 1
6 10
0 10
2 16
14 37
4 5
6 5
10 1
8 0
8 11
9 0
8 6
13 10
12 3
11 12
9 10
7 3
10 6
8 9
7 5
5 8
8 4
0 12
4 12
0 13
9 12
12 5
9 13
8 1
1 0
4 9
11 0
6 4
13 7
4 13
5 1
7 10
10 2
8 3
6 0
7 8
4 2
16 32
14 3
14 15
3 9
1 10
4 13
12 13
11 9
8 9
13 11
12 9
5 0
7 12
14 1
6 7
9 5
12 1
0 4
2 8
9 4
8 11
8 7
2 10
12 6
2 11
6 2
6 0
7 13
8 15
5 3
7 1
4 2
6 15
18 34
3 12
2 5
17 11
10 4
9 17
1 15
8 7
11 14
1 10
11 15
16 14
8 4
11 3
7 15
14 4
1 2
2 4
17 13
4 17
11 2
16 10
15 4
9 10
3 13
15 6
12 6
5 14
13 8
1 3
11 10
9 11
13 11
12 17
1 9
10 35
0 1
7 6
8 2
3 1
2 6
3 4
1 2
7 2
2 0
4 9
5 4
1 5
4 8
0 6
3 2
4 7
6 1
3 8
1 9
9 3
1 7
3 6
5 9
5 7
8 1
0 9
6 4
5 0
8 9
8 7
5 8
9 7
2 9
8 6
9 6
16 46
14 13
11 7
2 8
11 1
5 12
1 14
6 5
3 7
8 3
7 2
15 13
13 7
4 12
4 0
4 13
11 0
14 6
14 0
14 10
2 13
9 11
10 2
5 14
0 2
12 15
10 4
8 15
7 15
10 8
12 1
9 4
9 3
13 11
9 2
6 7
9 10
0 6
8 1
13 12
7 12
11 8
7 8
13 6
15 2
9 8
8 14
16 43
12 1
15 1
11 0
12 10
5 4
14 9
11 4
7 14
0 7
2 12
9 11
3 12
15 11
15 5
6 8
5 8
13 6
13 2
5 12
5 14
13 12
6 9
13 15
12 6
7 5
10 5
1 9
3 14
12 7
5 2
4 10
3 0
10 2
6 5
15 4
7 2
4 1
11 7
1 8
1 11
6 2
15 12
4 9
16 30
15 0
13 9
15 14
10 0
6 15
11 6
3 2
10 7
9 5
8 15
10 11
8 2
9 11
4 13
3 0
9 15
1 14
5 4
7 9
11 13
10 8
3 15
5 14
3 5
5 13
6 14
14 10
0 8
7 6
4 11
12 48
9 1
0 1
3 10
7 3
3 6
6 7
3 11
11 5
7 1
7 5
9 6
11 7
6 0
1 3
3 0
11 8
0 4
5 9
10 7
11 6
5 3
11 0
0 5
7 0
4 11
10 0
2 6
5 10
11 1
5 6
5 8
2 5
8 9
1 4
4 10
9 0
1 2
1 8
8 10
9 11
9 2
9 10
4 8
10 1
3 9
2 7
6 8
4 3
14 50
9 6
10 9
5 9
2 4
11 3
1 6
12 9
3 10
10 4
4 9
5 8
5 0
13 12
5 3
13 2
12 7
8 2
7 0
13 5
7 5
2 3
11 4
6 4
1 2
8 9
0 13
9 2
10 8
4 13
1 9
1 13
7 8
7 6
11 1
8 3
8 0
4 1
2 6
13 3
2 5
1 0
8 11
4 12
2 12
7 4
6 8
10 6
0 12
5 10
3 1
14 51
2 10
2 1
8 2
8 1
9 10
0 13
0 5
13 8
11 4
1 4
12 8
7 2
5 11
8 3
2 12
4 2
8 10
6 3
8 7
1 10
4 13
9 1
4 6
7 3
1 12
7 13
1 13
13 6
11 10
7 10
3 11
6 5
13 11
0 9
3 1
12 11
5 10
2 0
7 6
3 2
1 5
3 5
7 12
11 9
6 2
4 7
0 7
3 12
10 4
11 6
11 7
12 33
5 1
5 2
10 6
4 8
8 7
3 11
11 2
11 9
4 9
10 11
0 10
4 7
1 0
8 10
4 2
7 6
5 11
10 9
3 8
5 6
10 4
1 6
0 3
6 8
7 3
5 4
2 1
10 2
4 3
6 4
3 1
9 1
7 9
16 53
7 14
4 7
3 6
9 1
15 12
8 3
9 2
8 2
15 7
13 8
0 11
15 5
15 3
12 1
7 1
12 7
1 4
6 15
2 13
15 1
8 15
10 15
10 0
8 4
12 14
4 11
9 3
15 14
4 9
2 10
14 4
12 13
11 7
11 1
1 3
3 14
5 7
4 15
5 2
10 11
11 5
13 3
7 0
2 0
11 6
13 7
3 7
12 6
12 10
5 8
15 11
11 9
1 10
22 169
13 8
15 20
4 2
0 5
15 13
2 16
6 8
14 8
13 2
13 5
19 8
6 20
17 0
14 10
12 17
8 7
2 5
13 20
2 7
3 21
7 9
12 4
4 14
19 9
15 21
12 3
20 18
15 17
3 16
0 19
17 21
6 9
4 13
18 13
1 16
20 10
5 9
1 9
3 0
18 21
11 16
5 15
6 16
16 8
11 2
17 16
9 10
6 17
21 4
2 20
18 3
14 2
7 15
3 17
4 17
14 16
3 11
4 0
1 5
20 21
8 11
13 14
1 15
11 15
15 4
11 19
16 0
5 10
20 0
11 14
9 21
0 1
8 2
10 6
17 18
14 3
20 7
14 7
5 19
18 6
16 15
17 7
9 18
13 9
16 10
10 0
6 0
6 15
0 21
20 11
8 5
21 13
19 3
6 14
2 18
3 9
21 2
10 11
8 15
3 13
2 15
4 7
7 19
19 21
0 12
13 17
3 7
12 6
8 1
1 11
20 9
6 13
1 3
20 3
4 6
1 10
21 6
19 20
2 3
10 7
11 17
12 7
19 1
16 18
10 2
5 11
6 3
20 4
10 12
5 6
12 9
12 13
14 1
7 5
3 15
17 2
18 11
9 4
16 19
18 7
16 9
13 16
5 20
17 5
14 17
20 12
18 12
18 14
1 13
14 0
11 4
0 18
8 10
17 10
18 8
7 16
10 13
2 9
17 9
1 12
9 11
14 21
6 1
8 17
3 5
1 18
19 12
6 19
13 0
28 133
22 17
0 22
19 2
8 5
11 3
14 22
6 24
24 22
23 11
26 14
10 19
18 1
12 23
19 3
17 10
13 22
22 27
13 21
26 16
20 1
7 18
10 21
9 23
11 26
9 15
5 7
11 21
3 26
8 15
18 9
10 4
8 4
8 11
22 9
21 2
1 12
17 21
2 20
21 4
2 6
4 26
16 25
7 19
21 3
19 15
0 26
6 1
19 18
23 3
26 1
0 19
3 4
10 13
14 6
26 23
16 5
3 1
5 1
21 22
17 19
20 24
4 24
12 7
17 23
14 19
18 16
2 3
16 14
18 27
23 22
12 5
16 6
9 25
11 18
8 23
7 16
6 20
16 21
2 14
2 8
14 1
8 27
6 21
26 17
27 0
16 0
3 8
27 6
3 20
16 17
24 3
20 23
4 15
13 17
5 3
15 27
26 25
22 4
0 21
9 11
1 11
7 4
7 20
19 5
27 16
20 17
13 5
6 3
0 10
19 26
0 17
0 12
11 12
24 11
7 9
27 21
24 19
3 13
2 23
0 11
15 18
25 12
20 16
25 24
9 16
25 10
22 6
18 12
24 10
10 18
6 23
22 25
6 10
36 167
34 17
1 9
6 22
34 26
0 20
20 31
7 23
29 23
15 20
17 20
9 21
22 21
23 10
9 8
35 32
27 35
29 9
8 2
18 31
34 27
30 13
16 33
1 12
6 34
8 0
10 17
29 7
14 3
23 26
31 25
13 8
12 2
6 25
16 13
8 28
26 25
5 3
22 9
16 6
11 18
14 31
29 5
26 30
19 2
6 7
22 16
1 33
7 0
23 25
27 20
12 7
26 1
20 7
10 22
22 24
8 6
34 2
17 35
26 5
18 19
34 4
24 19
33 3
33 17
25 3
27 25
28 7
3 35
11 19
4 13
20 18
32 33
2 28
14 22
2 16
24 15
15 26
7 15
24 2
2 0
8 23
1 18
23 14
20 11
19 32
9 16
9 26
17 18
28 18
30 28
34 25
8 34
4 11
2 13
6 10
22 19
22 7
26 32
1 25
23 33
21 7
26 19
0 15
9 10
0 25
21 16
30 1
18 22
28 17
34 13
24 12
15 5
9 35
4 23
4 17
6 18
0 10
13 28
16 5
1 24
30 3
5 27
8 27
23 17
6 19
22 33
31 22
24 30
19 34
9 32
4 26
29 10
16 27
8 17
9 15
12 0
11 33
34 23
16 18
18 9
32 14
35 7
31 11
16 35
32 34
29 16
33 13
14 10
21 15
33 5
15 28
6 32
30 9
3 18
33 26
35 12
22 29
8 15
4 21
34 16
4 1
21 28
15 34
13 12
27 19
35 29
4 25
24 112
14 6
14 5
1 2
13 1
9 1
3 16
2 7
2 15
17 8
2 0
22 21
6 10
16 21
7 17
23 17
3 5
22 0
12 2
13 21
23 14
3 4
17 12
18 7
12 20
8 4
19 15
17 21
17 19
6 8
22 16
5 13
7 13
13 18
19 4
12 23
16 5
19 20
9 12
14 3
3 0
13 12
22 10
14 4
9 6
18 15
5 23
9 15
16 4
8 14
20 1
6 22
10 21
4 18
5 20
5 0
23 20
6 23
10 8
15 3
1 5
20 18
2 9
16 1
15 16
9 0
14 19
5 7
1 18
6 3
19 2
19 13
14 10
13 2
13 16
13 20
22 4
5 22
3 1
9 22
6 17
16 9
11 16
8 15
16 17
20 16
21 4
18 10
18 0
4 0
5 4
18 9
0 11
12 3
9 7
18 2
1 6
2 3
3 8
12 16
17 10
23 19
16 10
16 14
12 19
6 4
23 22
21 5
0 19
5 10
11 22
10 19
10 23
26 164
12 4
24 0
6 14
22 14
24 23
10 20
2 20
11 20
6 7
23 17
21 13
4 3
16 20
12 15
16 3
1 4
19 13
17 10
9 20
24 16
17 5
0 22
21 4
3 19
7 1
10 11
24 17
19 25
1 6
3 5
5 7
15 19
1 0
24 11
10 24
1 16
12 10
13 8
6 11
7 19
6 4
17 9
11 19
10 15
10 8
18 12
12 5
4 23
25 18
1 23
18 1
20 18
1 20
5 14
25 21
19 8
13 4
9 22
7 21
24 1
8 2
17 14
20 17
12 24
19 14
2 14
25 6
25 4
12 3
6 0
15 21
6 19
11 23
14 21
18 5
22 17
3 25
13 7
10 7
11 21
3 8
0 19
13 24
7 14
22 2
24 14
0 7
12 2
7 11
5 22
7 12
13 6
24 4
22 4
17 18
5 15
14 10
7 8
8 1
16 12
3 14
21 16
22 13
25 17
15 6
23 19
18 2
17 21
8 25
5 6
9 14
24 2
23 14
16 10
16 13
25 16
15 4
9 16
21 18
23 8
17 2
22 10
12 19
20 7
9 3
9 7
20 15
8 6
24 21
21 0
4 8
12 17
0 5
8 0
21 20
5 21
3 18
2 4
10 13
14 12
4 20
21 22
2 5
11 16
18 6
22 16
5 16
5 13
22 24
18 10
5 20
16 23
23 3
12 9
11 2
11 13
14 11
23 22
2 19
4 16
18 16
9 18
0 4
19 5
34 120
14 32
22 20
9 22
2 8
14 7
16 0
15 20
26 12
17 32
8 7
14 31
25 2
28 15
17 23
16 7
23 33
26 33
24 17
9 30
22 14
13 8
22 2
1 8
12 22
6 16
0 4
11 2
12 5
27 10
17 19
22 5
8 9
28 2
28 16
0 1
24 8
23 3
25 19
9 0
10 4
15 24
12 17
23 29
20 6
11 20
31 12
31 0
3 26
14 29
33 8
21 14
18 30
33 11
4 1
23 16
6 29
1 25
27 6
23 4
27 17
2 32
25 7
21 15
2 14
21 24
31 30
20 0
23 9
32 31
3 9
14 4
30 12
17 15
13 33
31 27
16 3
5 32
33 21
2 10
29 16
7 33
7 26
31 29
7 32
31 16
20 32
13 18
13 24
16 20
25 26
20 25
30 8
22 25
10 23
11 5
24 27
17 0
5 21
1 2
14 1
15 22
32 0
20 3
27 16
14 24
9 24
32 29
4 15
24 25
23 21
16 22
18 32
26 1
4 3
0 8
30 15
0 30
3 14
12 25
7 31
38 135
11 3
25 34
21 19
31 24
36 21
10 7
9 10
17 10
5 36
20 1
23 6
16 13
20 27
12 25
1 24
23 7
10 21
16 15
0 17
4 24
22 17
11 31
3 31
0 30
32 8
24 18
2 28
3 13
28 10
37 20
7 30
18 7
10 16
0 19
34 3
1 37
15 23
37 16
36 20
31 33
29 23
36 26
2 14
23 28
26 0
19 34
5 11
1 36
35 24
20 28
19 28
6 32
7 32
28 8
22 2
22 7
12 22
7 16
34 21
10 27
24 8
28 22
14 1
7 14
29 17
36 8
6 30
18 26
24 6
27 1
34 17
36 6
29 35
24 28
15 22
32 2
6 29
15 20
2 5
2 26
25 8
12 20
18 15
11 28
1 21
9 7
32 23
14 15
1 28
35 4
34 33
31 32
14 35
27 32
29 25
27 26
33 3
3 23
31 17
27 25
8 0
15 33
3 25
22 8
34 29
7 1
16 12
11 13
2 34
27 7
1 16
35 10
12 4
36 29
0 28
19 23
6 25
9 16
36 17
29 20
25 15
24 30
26 34
18 36
18 0
7 3
32 3
24 27
19 26
1 4
9 27
26 14
2 20
36 27
9 19
36 125
13 33
18 15
19 12
32 24
21 28
31 6
0 7
22 3
20 27
11 23
8 7
23 6
0 29
17 35
19 26
24 21
30 28
3 18
22 17
24 11
23 29
13 5
26 23
7 27
9 35
10 35
19 5
1 14
11 34
7 33
29 26
33 25
14 29
15 31
1 7
5 21
18 25
6 13
2 32
34 35
10 16
8 12
29 5
22 10
34 10
12 10
28 16
15 25
21 11
27 22
3 11
33 18
15 27
35 5
3 31
21 31
8 25
31 25
29 35
24 23
1 16
27 31
4 9
13 32
9 1
9 31
18 22
5 0
1 30
11 32
6 35
5 2
17 27
23 9
30 35
26 17
31 24
20 11
27 35
21 13
7 26
24 0
31 13
3 20
31 29
8 26
18 4
25 28
9 14
32 8
24 15
20 5
13 25
33 24
34 25
21 7
24 8
26 9
17 19
12 27
26 4
32 21
5 18
4 31
0 23
8 27
25 1
16 17
30 15
17 12
20 2
35 18
20 17
31 20
13 1
15 33
13 20
32 31
30 24
9 17
5 26
28 20
35 25
35 21
35 11
34 146
30 10
29 11
27 28
0 2
26 32
24 9
9 16
7 18
33 0
15 18
13 14
8 3
8 0
17 21
8 27
23 9
17 32
33 29
25 26
5 10
11 2
30 1
23 19
30 15
31 13
6 0
4 18
9 25
2 30
4 16
19 17
8 17
24 33
5 12
26 30
15 2
23 2
2 7
26 27
3 26
17 16
6 30
31 4
29 28
18 16
33 27
7 8
30 33
14 15
6 8
21 16
5 1
18 26
21 14
4 24
4 2
33 20
33 3
27 13
31 19
14 20
0 22
25 1
18 14
31 2
33 21
29 8
22 29
22 20
10 29
30 7
0 28
26 17
8 24
23 7
22 15
3 11
17 28
3 7
20 2
23 22
18 19
27 6
13 17
7 10
17 5
8 25
22 33
1 11
12 18
25 14
1 23
31 32
17 22
14 6
23 17
29 17
19 13
33 12
24 0
1 26
6 24
17 31
8 26
29 23
3 28
10 6
17 9
14 7
25 4
7 16
6 25
0 3
4 29
1 4
6 4
26 6
0 10
10 13
15 29
18 27
21 23
5 27
31 7
19 24
16 13
14 17
8 23
21 31
0 31
13 5
10 23
29 12
12 15
22 13
28 21
24 12
22 21
6 17
12 26
10 26
31 1
23 18
28 7
23 5
22 3
28 141
3 0
19 15
8 19
24 21
14 26
19 1
10 8
21 5
13 8
18 26
1 13
8 3
14 10
5 27
21 26
18 5
24 17
0 11
22 13
24 19
25 23
10 3
25 6
27 10
27 18
18 25
13 20
3 12
11 14
5 24
24 20
25 20
21 20
22 18
20 4
6 10
10 9
15 16
25 8
12 16
2 15
13 24
24 11
13 27
4 1
18 10
22 15
13 15
2 20
5 4
19 25
24 15
25 21
19 12
19 14
24 7
21 14
1 6
5 10
10 2
14 24
25 1
18 12
7 0
9 25
1 17
21 27
17 11
8 1
20 8
13 11
24 22
23 15
26 13
23 22
11 26
21 9
1 20
26 24
26 3
26 12
27 17
5 11
27 16
21 6
22 21
20 9
6 23
20 19
18 1
11 3
16 2
21 18
23 12
21 4
7 13
11 19
17 13
5 25
0 5
6 27
26 19
5 3
9 16
17 26
8 18
5 19
19 23
1 2
4 22
2 19
8 26
12 10
12 2
16 23
15 4
6 13
23 4
13 23
15 11
17 2
1 11
19 9
27 15
27 12
7 3
0 27
12 13
19 7
27 11
23 8
21 8
10 1
0 12
6 15
12 15
16 13
16 10
22 1
26 4
6 19
24 169
14 8
1 16
17 20
6 13
6 2
6 22
0 3
16 4
12 15
20 21
14 19
17 23
7 22
5 15
0 14
19 6
8 4
11 20
21 23
7 15
13 4
20 2
21 19
3 12
8 7
23 14
0 9
6 23
12 16
6 10
3 18
11 10
22 8
20 6
15 21
18 0
17 5
8 12
16 17
14 10
0 1
6 3
4 10
23 10
13 9
21 17
8 20
0 8
6 4
22 13
8 18
8 9
18 16
0 5
6 5
7 17
21 22
1 8
8 19
7 1
3 1
20 12
21 12
21 6
12 11
12 5
7 4
12 10
3 19
4 23
20 9
10 20
22 17
19 11
4 11
3 10
22 2
8 11
22 19
9 18
21 1
12 4
13 3
22 15
11 0
13 18
7 21
14 9
19 9
6 16
21 9
16 23
5 10
17 10
7 2
10 16
13 0
14 16
3 5
1 13
0 21
6 9
17 3
22 16
20 16
2 19
5 13
17 1
3 7
22 18
2 15
2 14
23 13
1 19
18 4
11 5
9 10
6 15
3 16
13 2
13 17
4 22
15 23
16 5
16 7
20 0
3 2
14 20
12 2
15 20
15 18
20 13
16 9
6 0
19 20
5 22
10 7
17 15
19 7
5 21
1 5
16 11
13 11
14 6
11 7
3 9
18 17
18 19
17 4
1 15
15 3
15 8
2 5
0 10
9 2
22 20
13 14
12 7
0 19
23 2
18 2
8 10
3 11
4 9
19 4
18 14
21 8
16 0
14 7
38 172
26 14
10 29
20 15
29 13
32 20
22 0
10 4
15 3
18 27
8 7
7 35
28 3
10 27
16 0
28 4
14 10
33 9
29 17
25 20
29 1
8 1
2 15
30 11
22 17
36 30
3 29
29 18
29 15
0 9
9 7
37 14
36 7
25 14
6 20
1 15
35 19
1 37
28 10
27 21
14 20
36 25
0 7
37 10
23 31
35 16
29 9
31 2
17 16
29 36
31 37
31 32
17 3
4 33
25 7
3 37
29 28
28 12
15 35
32 17
12 7
3 4
29 33
23 34
2 1
6 1
3 5
23 0
14 29
0 1
5 36
16 13
16 26
30 1
21 6
2 3
21 5
13 6
8 3
29 11
13 30
17 36
36 8
2 25
23 3
7 16
24 3
10 31
37 35
7 31
3 22
33 30
32 13
19 14
19 4
2 37
27 14
23 28
35 34
28 17
6 12
5 18
1 19
31 0
36 1
16 8
26 29
5 14
3 25
24 11
26 0
34 2
0 11
15 9
9 13
12 5
37 12
24 19
18 8
25 13
37 32
32 0
12 15
2 12
22 7
14 18
25 5
34 32
28 15
20 10
8 0
16 28
2 26
12 19
23 20
26 17
23 11
25 29
27 7
33 23
13 4
11 8
33 35
25 18
26 20
36 28
30 14
22 1
36 27
18 28
2 17
16 2
29 7
18 3
15 22
1 5
3 16
17 31
3 27
37 36
28 25
25 8
26 3
5 33
36 0
20 24
36 26
13 33
30 28
13 0
25 9
5 22
23 19
36 171
5 6
20 19
1 28
3 14
1 30
20 12
8 18
31 26
17 24
27 16
5 21
1 14
28 9
1 21
16 26
11 12
11 4
34 20
4 35
21 14
31 17
5 13
2 35
2 31
5 10
0 31
3 21
10 20
9 12
10 23
23 3
17 20
3 18
6 33
13 8
29 33
4 18
17 12
13 4
4 6
10 31
31 1
18 28
3 32
16 5
9 6
34 30
9 8
15 11
29 22
19 2
22 20
10 25
24 23
16 34
3 10
14 24
25 28
12 31
21 35
7 26
33 8
9 31
26 34
28 26
27 5
12 22
8 23
35 8
35 3
30 14
32 25
27 4
18 0
16 15
20 15
3 11
29 12
28 19
11 26
2 11
15 34
3 30
11 30
26 15
6 27
13 7
4 8
32 34
15 25
31 24
35 11
7 5
5 1
26 20
19 4
8 11
20 11
18 5
0 17
9 30
10 0
34 6
3 2
26 10
28 30
21 8
31 4
20 8
22 25
25 23
0 12
15 12
33 20
15 4
24 33
29 25
11 31
14 7
6 13
16 2
2 9
16 21
24 21
30 18
21 26
28 8
22 34
5 35
7 17
9 21
3 15
0 9
10 29
1 33
2 22
30 15
25 26
21 4
11 22
6 2
31 32
17 15
33 21
27 11
25 5
6 29
15 14
20 3
7 11
5 19
31 35
6 28
12 19
9 4
13 3
22 5
12 7
32 2
24 26
4 12
9 27
18 15
18 13
32 0
14 10
34 9
34 12
29 3
15 32
25 1
22 177
2 18
20 3
14 20
11 2
5 20
16 6
13 19
5 3
19 12
21 6
17 19
1 8
5 8
11 6
0 9
2 0
5 13
15 5
9 12
12 13
15 10
1 14
21 2
4 21
20 8
1 13
20 18
8 18
15 17
1 21
21 12
18 11
8 0
6 5
12 11
18 17
17 7
14 18
1 20
5 10
3 9
6 8
8 13
17 13
7 16
16 15
5 18
4 1
9 7
5 19
4 15
16 3
12 6
15 9
21 15
6 14
1 15
1 10
6 7
7 20
9 11
20 9
3 2
7 0
2 8
1 9
4 11
6 17
19 10
20 12
8 9
3 17
18 19
5 0
0 10
4 19
13 14
12 1
20 10
4 18
7 4
20 0
18 9
3 6
5 16
2 14
18 7
17 0
17 8
17 5
9 17
5 14
19 21
10 8
7 10
0 4
7 15
13 16
9 2
7 3
10 2
3 10
11 16
12 17
13 9
6 13
10 13
16 0
11 0
17 20
20 4
18 16
4 16
2 17
15 8
17 10
11 17
11 10
5 2
17 1
20 2
18 15
9 21
5 21
1 6
8 21
3 8
10 14
4 5
10 4
2 7
21 13
8 11
12 2
13 7
10 16
21 20
19 0
13 15
14 3
16 2
3 4
9 14
20 6
15 19
17 16
8 19
15 12
4 9
9 10
4 14
12 5
1 2
7 11
19 2
16 21
6 10
3 0
3 11
6 15
4 12
19 14
0 1
20 15
4 2
4 8
2 15
7 14
3 12
8 14
9 16
7 5
15 11
14 15
13 0
21 17
5 1
24 121
13 1
16 9
0 12
20 18
16 23
8 14
21 22
6 13
0 23
21 18
8 5
10 14
23 14
2 18
9 1
13 17
15 18
0 4
3 13
11 18
0 7
1 16
19 1
19 8
8 15
1 8
23 8
6 3
23 20
20 15
9 2
7 8
12 18
16 0
4 5
19 21
10 18
11 12
5 18
2 4
6 0
9 17
14 3
2 23
9 3
22 0
10 21
6 19
1 23
14 22
0 13
6 21
9 6
12 10
11 6
1 10
8 21
23 19
6 4
11 23
3 5
5 21
22 11
17 23
9 5
21 4
10 23
19 15
12 23
8 6
9 0
7 12
14 9
10 19
8 20
10 16
5 19
14 6
17 7
12 20
7 16
16 13
18 3
23 4
7 13
23 15
10 15
22 10
13 23
6 12
17 4
22 6
16 12
1 12
23 6
21 11
0 20
15 16
2 19
14 1
15 0
1 15
14 2
13 20
1 22
23 22
3 10
12 22
6 2
2 17
14 13
20 3
13 9
2 3
5 11
22 7
14 16
11 1
1 3
7 11
11 13
28 185
3 26
20 9
14 25
13 14
7 13
2 9
10 0
9 3
4 12
21 19
25 4
23 3
16 4
16 0
21 23
25 16
26 6
1 18
3 0
21 27
15 23
14 1
12 3
25 20
2 0
2 14
11 3
21 18
18 10
27 0
0 14
26 18
15 16
20 3
6 4
19 23
6 23
10 24
3 15
14 15
7 25
15 11
10 1
19 16
1 23
4 9
26 22
2 11
7 14
21 9
24 2
27 6
2 25
7 27
16 10
24 5
11 13
14 12
21 6
19 25
13 25
11 23
4 20
13 10
22 9
17 26
23 18
5 18
12 6
20 16
25 0
21 26
3 7
5 13
8 7
1 5
2 22
17 4
22 1
11 27
19 18
11 12
8 26
2 15
18 24
5 12
22 13
12 27
18 11
19 10
18 9
16 2
17 13
1 25
5 2
12 18
11 17
5 11
23 12
22 11
16 11
27 18
12 20
15 13
7 17
14 23
8 2
14 22
17 10
20 19
5 4
12 15
15 18
4 19
20 2
24 20
1 15
3 25
22 16
27 2
19 3
8 17
16 9
9 15
20 14
19 8
25 15
0 15
26 9
1 21
8 6
19 5
25 18
24 0
7 26
8 1
15 10
1 16
1 0
19 9
8 18
9 0
12 17
4 21
22 20
13 19
5 17
19 26
22 18
23 22
18 0
27 13
12 26
22 21
3 18
18 16
5 10
8 27
25 26
1 6
18 7
15 8
9 12
12 22
12 8
14 17
3 16
24 6
10 6
9 23
14 18
6 0
27 23
19 24
12 13
2 6
21 10
26 16
11 20
25 11
21 15
21 8
0 21
17 27
21 25
22 123
13 14
3 17
10 13
12 9
18 12
12 17
6 9
6 13
8 14
1 5
9 8
18 11
18 5
18 8
13 20
4 15
7 5
8 11
1 7
9 19
14 4
1 6
3 21
16 12
14 21
11 6
4 19
3 20
19 10
0 16
2 11
5 9
19 0
21 2
17 15
11 7
0 13
16 5
21 6
14 18
17 0
5 4
4 11
8 13
19 8
14 17
16 3
15 21
15 10
18 10
19 1
8 6
18 20
9 21
3 11
8 21
11 17
11 16
17 5
10 14
11 20
16 15
0 1
20 21
7 10
8 0
5 10
6 5
19 20
13 11
10 3
20 8
5 19
20 10
11 19
1 12
21 10
0 10
8 12
17 6
2 10
1 4
19 18
2 18
2 5
15 5
4 18
21 5
17 21
14 0
6 12
1 10
7 12
1 20
16 6
6 14
21 0
11 0
11 10
12 21
6 18
0 6
14 15
8 2
16 17
16 2
8 10
19 14
2 15
2 19
4 2
9 0
16 18
13 2
1 2
20 7
15 6
9 10
16 4
17 19
6 2
18 1
20 12
24 168
0 9
20 21
15 16
14 16
15 0
3 7
5 9
6 10
22 8
23 15
7 16
9 13
5 16
19 12
20 3
9 12
4 17
2 21
6 23
19 16
15 5
10 18
9 19
13 14
19 8
1 21
2 3
0 23
5 11
4 12
6 1
7 6
21 15
10 20
22 16
14 7
0 17
1 0
11 3
8 0
12 17
11 13
17 1
22 21
19 6
22 6
16 21
1 2
2 15
9 18
6 20
11 14
20 9
23 20
13 10
8 17
14 1
21 10
3 15
17 14
8 12
8 2
7 4
13 12
20 17
22 10
0 18
20 5
6 13
3 4
21 4
10 23
0 19
0 21
20 8
19 3
14 21
1 10
15 6
7 23
1 20
4 1
20 19
16 0
23 5
23 19
23 18
15 20
14 15
13 15
10 3
3 14
16 20
3 1
8 15
17 10
18 22
1 8
11 20
9 23
7 5
7 15
7 10
7 2
0 10
10 16
22 23
17 15
17 22
13 7
14 8
12 16
13 3
14 4
2 23
6 8
19 22
2 17
21 13
22 5
1 23
21 12
5 19
23 16
21 9
8 21
2 0
2 5
21 19
5 0
19 2
8 4
13 16
16 8
3 9
23 11
13 2
18 17
4 22
20 22
22 7
1 18
11 15
1 5
4 20
10 15
20 0
0 14
8 11
16 11
18 19
18 13
0 3
19 15
12 5
10 9
4 15
11 4
11 22
14 18
3 5
18 12
19 7
6 9
2 22
8 23
12 2
16 6
38 145
34 9
30 32
35 11
11 0
25 7
10 26
17 19
27 31
2 6
2 4
19 29
34 16
37 21
13 5
20 34
34 36
30 29
17 20
7 12
26 31
33 19
15 3
4 31
5 14
37 4
27 32
0 18
19 37
28 4
14 13
20 36
17 32
4 24
29 13
7 9
24 32
37 9
12 20
31 22
14 8
5 26
24 2
18 35
28 18
29 0
28 8
6 7
14 31
0 25
30 23
24 22
19 26
22 34
11 22
35 12
0 22
5 3
15 8
2 28
2 31
33 34
17 36
6 31
28 13
33 2
0 12
4 22
32 25
31 3
35 23
33 24
24 25
11 1
0 33
18 6
2 22
28 37
6 13
7 11
30 8
28 19
29 4
10 25
34 1
17 4
26 1
8 21
27 34
7 33
26 35
1 10
10 0
25 16
8 10
11 20
31 11
9 2
18 13
28 6
30 36
2 19
37 11
14 1
15 6
26 9
27 20
24 3
11 24
3 33
33 5
15 26
29 27
32 7
19 6
30 34
25 28
8 2
27 24
5 31
1 35
18 14
8 17
15 16
3 21
30 14
11 15
4 25
24 6
28 0
4 18
3 11
36 3
16 13
3 34
17 13
32 37
21 19
21 20
24 5
33 9
14 23
36 2
9 12
20 3
28 33
30 118
8 19
10 17
10 5
10 21
12 15
2 0
23 11
5 20
18 12
22 7
4 0
13 9
10 14
16 29
22 4
5 29
8 0
24 14
15 29
8 11
29 14
13 26
22 23
2 3
6 20
25 26
5 22
6 26
23 29
2 15
29 25
3 22
27 29
24 21
6 1
29 28
17 0
19 20
18 5
20 11
28 10
26 0
29 6
9 20
20 21
19 3
13 27
21 3
9 26
10 9
20 18
19 6
10 20
24 23
28 27
15 25
7 27
20 4
23 3
23 13
1 9
6 11
12 26
17 26
5 0
7 18
25 22
4 19
16 5
18 14
23 17
4 11
27 12
10 16
1 12
25 9
28 18
8 1
25 10
12 23
26 1
8 22
3 7
24 2
2 26
29 10
8 9
3 12
24 25
28 23
23 0
2 12
27 15
9 5
15 6
28 0
21 1
19 25
16 12
24 5
25 23
7 2
21 18
6 10
23 19
15 11
7 6
4 15
1 23
19 17
11 18
3 1
22 2
18 29
1 11
5 3
27 4
29 17
96 466
93 11
38 77
25 8
6 80
49 80
42 60
60 54
60 51
9 63
75 40
25 56
88 43
80 37
68 81
10 45
4 42
67 76
59 93
77 39
72 24
3 36
14 49
89 51
18 21
65 71
83 42
6 93
83 77
20 73
28 69
0 3
94 31
27 51
71 85
46 10
17 13
19 60
42 27
59 17
13 15
25 42
7 36
48 88
17 3
73 94
67 62
42 16
29 12
5 1
54 73
20 84
88 14
26 55
48 95
37 20
62 26
90 40
26 64
89 13
79 21
88 3
45 92
22 42
80 92
40 52
85 24
69 82
27 4
16 94
23 24
70 9
74 83
81 33
52 64
13 1
86 16
86 37
88 1
15 28
57 82
28 1
39 49
35 0
11 28
44 16
30 21
94 14
10 72
84 59
1 84
89 54
45 40
89 1
33 45
38 69
27 91
74 19
95 37
3 60
27 94
83 17
74 81
13 57
87 76
24 7
55 78
2 21
85 93
9 58
57 63
44 1
51 13
6 91
32 90
7 3
74 60
35 6
33 37
83 92
78 65
5 92
28 24
94 32
34 8
47 54
27 37
75 22
64 49
30 61
58 76
29 92
65 75
92 3
86 6
29 31
21 20
53 31
82 70
15 25
49 75
19 73
72 54
90 77
21 67
47 58
78 39
36 87
29 21
49 54
14 27
86 64
72 91
63 80
95 53
26 46
10 4
30 29
8 13
65 13
41 22
12 32
39 69
5 74
33 57
11 53
5 83
40 26
35 75
15 33
17 35
16 65
64 61
79 85
31 62
24 10
88 13
34 10
89 39
41 87
14 92
63 84
51 66
3 90
86 41
66 12
76 30
1 79
50 2
77 75
89 53
77 0
6 75
20 0
38 13
93 54
18 64
81 31
58 65
23 20
6 78
18 78
52 38
72 12
28 22
79 16
4 14
70 3
47 52
41 66
16 58
62 79
66 45
29 32
77 61
45 43
86 25
34 57
39 41
87 85
47 24
78 53
19 48
47 60
52 63
62 12
30 45
37 46
84 95
55 13
40 46
66 46
40 9
14 3
60 17
91 84
62 38
86 27
12 6
14 44
28 14
27 31
91 29
89 69
64 67
69 54
56 35
81 19
42 1
14 56
5 68
10 61
80 7
81 24
56 21
47 95
16 37
70 95
85 38
84 72
52 91
55 60
85 26
56 24
42 53
30 12
22 0
37 38
70 41
5 8
18 76
52 35
80 24
45 32
83 51
22 94
58 1
85 61
52 32
3 79
92 48
47 35
63 45
24 79
41 29
18 28
26 86
4 84
25 51
68 11
76 60
91 3
61 71
30 40
12 60
41 33
93 91
81 71
22 90
76 49
82 49
48 72
78 85
45 55
34 65
93 90
7 47
12 75
17 55
14 50
58 92
8 94
48 55
76 32
10 66
10 12
9 83
46 57
51 86
60 65
47 21
32 47
63 83
20 18
76 94
80 42
35 40
29 93
63 68
25 60
59 23
61 52
36 56
67 40
11 26
93 23
58 85
20 54
9 14
52 18
63 61
91 41
55 9
16 7
73 78
45 87
65 17
13 40
6 18
47 16
33 6
48 41
14 47
73 50
23 27
71 62
44 68
30 16
76 0
93 72
60 7
4 22
66 0
0 15
10 68
47 85
77 34
53 13
51 40
58 25
73 95
87 15
85 68
58 81
89 80
55 85
42 20
85 76
63 62
68 86
87 23
11 83
39 53
7 45
87 86
81 43
34 50
27 68
83 87
18 34
39 71
57 93
54 65
89 44
90 10
16 15
89 86
93 81
5 72
64 13
65 45
7 86
29 84
63 51
14 30
35 14
47 37
32 78
95 63
40 21
30 19
13 79
84 27
64 57
3 66
89 52
89 94
10 2
80 4
79 7
31 58
23 85
79 4
10 86
59 20
52 8
60 15
45 6
75 56
47 50
55 81
1 86
38 53
26 23
17 12
31 50
47 29
58 35
33 44
41 4
48 56
5 63
3 27
85 90
35 65
51 77
65 67
27 1
6 88
62 8
69 68
41 94
64 62
65 57
22 18
1 8
59 68
63 16
35 41
34 83
32 92
70 11
91 4
75 9
18 80
78 59
32 91
