50
3 3 0
3 3 9
0 0
0 1
0 2
1 0
1 1
1 2
2 0
2 1
2 2
3 4 4
0 1
1 2
2 0
2 3
4 4 6
0 0
0 1
1 2
1 3
2 1
3 0
5 3 8
3 0
1 0
2 2
4 2
4 0
1 2
0 2
2 1
4 3 7
2 0
2 1
0 0
1 1
0 1
1 2
3 1
5 3 8
2 1
3 0
2 2
1 1
4 1
1 0
4 0
0 2
5 4 8
3 2
0 2
1 0
4 0
2 3
2 2
0 3
0 1
5 4 12
2 2
0 1
3 2
0 0
3 3
1 2
2 3
0 2
1 1
2 0
4 2
4 3
3 5 8
1 4
0 1
0 3
2 2
0 2
2 0
0 0
1 0
3 5 9
0 3
0 0
2 2
1 2
1 4
0 2
1 1
0 4
1 0
3 3 4
1 1
2 1
0 1
0 0
5 4 8
2 3
0 2
4 2
1 0
3 3
3 2
4 1
3 0
5 3 8
1 0
0 0
2 0
1 2
0 2
3 0
2 1
4 2
3 3 5
2 0
1 2
0 1
2 2
1 0
7 5 7
1 4
2 4
3 4
0 3
5 3
4 2
6 4
7 6 9
4 3
2 0
5 5
1 1
0 3
5 4
3 1
6 5
6 0
6 6 8
2 4
3 5
4 3
0 2
1 4
4 1
5 2
2 1
5 6 10
2 2
4 5
3 5
4 3
2 4
1 5
0 2
1 0
3 1
0 4
7 8 12
1 3
4 6
6 3
3 1
4 5
4 1
0 6
5 3
0 7
0 3
2 4
1 1
7 6 11
4 2
3 4
1 0
5 2
0 5
4 0
3 1
2 5
0 2
1 3
6 1
5 9 9
3 1
0 1
4 1
4 6
1 5
2 4
2 1
1 4
1 8
6 9 12
1 5
5 5
1 1
0 5
5 6
2 0
3 3
4 6
4 2
3 1
3 6
2 3
8 5 8
5 3
7 3
3 2
0 3
4 4
2 2
6 3
1 1
9 7 14
4 3
7 5
1 4
2 0
8 2
8 4
5 0
3 2
2 5
5 2
6 6
3 5
0 0
7 3
6 9 6
0 4
2 5
5 8
4 8
3 8
1 7
8 5 8
2 3
7 0
6 2
0 0
5 2
4 1
1 3
3 1
8 9 8
1 7
4 7
3 3
7 2
2 7
5 6
6 1
0 3
6 9 6
3 6
1 4
2 4
0 3
5 2
4 4
7 7 7
2 4
4 1
6 3
5 4
1 1
0 5
3 6
7 5 7
0 4
3 3
5 2
1 0
6 1
4 0
2 1
6 7 6
2 4
0 6
1 6
5 5
3 6
4 5
7 8 7
1 3
4 5
2 5
6 6
5 1
3 5
0 6
7 7 7
5 4
2 1
0 1
6 2
4 4
1 4
3 3
5 8 5
0 5
4 4
1 2
2 0
3 7
7 8 13
2 2
5 4
5 5
6 4
0 6
2 7
0 3
0 5
2 5
5 6
1 3
3 5
4 0
7 9 11
3 2
5 0
0 0
2 3
4 3
1 8
3 3
2 6
6 8
4 5
4 8
5 8 8
1 5
0 3
2 5
4 4
1 2
1 4
3 2
0 6
5 6 8
3 4
0 0
2 2
4 5
2 0
0 4
1 2
4 3
7 7 11
0 3
1 4
5 2
3 6
6 0
4 2
1 3
2 5
2 1
3 1
6 4
9 8 18
3 3
7 3
6 1
5 3
1 4
4 1
6 7
3 4
7 6
3 1
8 3
2 1
6 5
5 0
8 1
7 0
5 5
0 1
5 7 8
0 0
4 4
1 6
3 1
1 2
0 5
3 6
2 4
7 8 11
2 7
0 5
4 1
5 2
1 5
5 7
2 0
3 1
1 3
6 3
0 3
6 6 9
1 3
0 1
5 0
5 4
4 3
0 2
1 1
2 2
3 5
8 7 11
4 0
6 2
3 6
5 5
2 0
0 5
6 1
0 4
1 4
7 0
3 2
10 10 25
1 3
3 2
4 3
6 4
9 9
6 6
6 1
1 2
2 7
3 0
1 9
8 3
7 0
1 5
0 5
8 2
8 5
7 5
5 8
3 3
2 1
8 0
3 8
5 9
6 7
12 13 28
9 11
9 12
2 5
6 11
4 5
4 10
0 2
1 6
0 6
0 11
0 3
2 2
0 1
2 9
10 1
7 11
4 3
11 3
7 12
5 3
8 2
11 4
9 1
9 6
10 12
3 1
2 0
11 7
12 11 27
1 2
3 9
2 5
5 3
3 5
10 0
1 10
0 0
2 10
9 9
5 8
4 6
7 8
1 4
10 9
5 4
4 7
6 3
3 10
2 3
11 9
8 4
9 5
5 2
2 8
4 1
3 2
10 10 24
7 8
5 9
5 1
0 4
8 6
3 5
1 0
2 1
3 4
5 8
3 8
9 3
8 1
0 0
2 9
7 1
4 4
9 8
8 5
6 4
8 2
7 2
3 7
5 5
11 12 25
7 6
4 8
5 4
1 10
9 7
7 1
2 10
5 2
8 9
0 8
1 8
6 4
6 0
0 3
7 4
10 5
0 5
10 7
7 10
6 10
6 11
8 11
10 3
7 8
3 5
