500
1
2
3
6
10
11
17
19
32
33
37
44
46
47
50
65
67
68
69
70
71
75
88
93
97
102
111
112
116
117
119
124
125
127
130
145
165
169
170
179
190
195
205
213
214
217
219
223
229
233
238
243
245
247
252
253
254
257
258
263
264
267
271
275
292
298
300
302
308
313
317
321
329
333
335
347
357
368
379
392
393
401
424
427
428
435
446
454
455
458
464
467
473
480
483
484
485
491
497
500
504
512
518
524
526
529
536
537
538
547
549
551
566
582
587
588
589
597
606
607
620
624
625
630
631
635
636
637
643
648
653
666
670
678
692
693
695
702
722
728
730
733
741
748
753
771
782
785
787
795
796
803
806
814
828
831
832
833
835
844
851
853
854
855
857
861
871
875
902
907
912
922
927
928
929
932
936
943
944
945
947
949
952
958
960
968
975
977
979
987
988
989
990
995
997
1005
1008
1017
1025
1028
1036
1044
1049
1057
1060
1065
1070
1073
1079
1081
1093
1097
1105
1106
1112
1119
1122
1125
1128
1132
1133
1134
1151
1158
1159
1164
1166
1168
1172
1184
1187
1195
1201
1220
1227
1230
1239
1251
1259
1262
1265
1266
1275
1284
1290
1294
1295
1297
1305
1308
1310
1313
1316
1321
1326
1330
1332
1333
1340
1343
1354
1362
1374
1376
1380
1386
1389
1390
1396
1401
1404
1418
1427
1435
1443
1448
1451
1463
1464
1475
1476
1486
1489
1491
1492
1495
1497
1500
1504
1523
1532
1536
1537
1541
1542
1545
1547
1552
1553
1556
1568
1575
1580
1586
1587
1589
1594
1602
1605
1606
1608
1610
1613
1614
1616
1618
1619
1623
1625
1626
1628
1649
1651
1653
1661
1664
1670
1672
1673
1682
1683
1692
1693
1694
1695
1696
1701
1703
1706
1712
1714
1722
1724
1731
1732
1733
1735
1738
1739
1740
1751
1773
1775
1777
1778
1779
1798
1799
1808
1810
1815
1819
1825
1826
1829
1836
1839
1843
1850
1854
1857
1858
1860
1867
1869
1877
1879
1887
1893
1900
1901
1916
1923
1932
1936
1943
1946
1952
1953
1955
1962
1966
1971
1994
2000
2007
2008
2016
2018
2020
2021
2023
2035
2044
2050
2051
2060
2063
2065
2067
2076
2077
2081
2084
2093
2098
2101
2104
2106
2110
2126
2136
2146
2148
2149
2152
2155
2156
2162
2163
2167
2173
2183
2185
2186
2194
2206
2213
2217
2221
2228
2236
2238
2239
2244
2247
2254
2262
2266
2272
2274
2285
2289
2298
2303
2305
2306
2314
2315
2317
2318
2327
2339
2340
2344
2346
2348
2351
2356
2364
2382
2386
2391
2394
2398
2406
2414
2415
2417
2422
2423
2434
2436
2440
2442
2443
2448
2454
2456
2462
2466
2473
2476
2477
2480
2484
2490
2494
2495
2500