6
10
10 10
11 10
11 12
10 12
13 10
13 12
15 10
15 12
16 10
16 12
2/5
21/2 11/1
31/2 11/1
10
10 10
11 10
11 12
10 12
13 10
13 12
15 10
15 12
16 10
16 12
1/1
21/2 11/1
31/2 11/1
11
10 10
11 10
11 12
10 12
13 10
13 11
13 12
15 10
15 12
16 10
16 12
1/1
21/2 11/1
31/2 11/1
11
10 10
11 10
11 12
10 12
13 10
13 11
13 12
15 10
15 12
16 10
16 12
3/10
21/2 11/1
31/2 11/1
12
10 10
11 10
11 12
10 12
13 10
13 11
12 15
13 12
15 10
15 12
16 10
16 12
1/1
21/2 11/1
31/2 11/1
20
8 68
23 74
66 51
24 71
88 83
73 92
8 57
45 95
65 45
32 85
27 16
11 37
95 24
71 21
95 1
100 42
9 81
14 25
41 41
31 78
5/1
11735/142 19231/426
7567/162 12851/162
