132
10
10 10
11 10
11 12
10 12
13 10
13 12
15 10
15 12
16 10
16 12
2/5
21/2 11/1
31/2 11/1
10
10 10
11 10
11 12
10 12
13 10
13 12
15 10
15 12
16 10
16 12
1/1
21/2 11/1
31/2 11/1
11
10 10
11 10
11 12
10 12
13 10
13 11
13 12
15 10
15 12
16 10
16 12
1/1
21/2 11/1
31/2 11/1
11
10 10
11 10
11 12
10 12
13 10
13 11
13 12
15 10
15 12
16 10
16 12
3/10
21/2 11/1
31/2 11/1
12
10 10
11 10
11 12
10 12
13 10
13 11
12 15
13 12
15 10
15 12
16 10
16 12
1/1
21/2 11/1
31/2 11/1
20
8 68
23 74
66 51
24 71
88 83
73 92
8 57
45 95
65 45
32 85
27 16
11 37
95 24
71 21
95 1
100 42
9 81
14 25
41 41
31 78
5/1
11735/142 19231/426
7567/162 12851/162
37
29 24
2 25
8 25
13 9
21 0
5 15
14 28
20 12
9 19
5 12
34 28
15 13
15 31
27 22
2 13
9 22
11 20
8 11
14 9
2 29
12 18
0 18
32 3
27 37
6 19
9 23
18 20
1 25
22 9
25 8
8 22
20 32
34 21
1 8
6 7
4 17
24 25
77/50
17/2 45/2
1867/158 -17/158
31
10 6
23 13
7 14
12 26
15 24
5 4
29 7
3 10
23 3
11 18
11 8
19 9
13 0
24 10
23 31
5 27
6 2
29 20
7 31
6 22
14 12
20 13
28 21
8 11
25 29
11 24
1 24
21 16
21 13
20 23
12 18
1/1
465/22 597/22
41/2 43/4
35
25 18
30 35
33 12
10 0
15 9
18 14
9 33
18 25
6 3
24 3
29 24
5 4
13 9
0 9
0 18
17 15
18 15
34 7
33 20
5 33
6 18
3 27
26 7
30 20
23 4
2 17
4 2
4 24
4 32
21 26
33 19
28 8
10 32
31 23
7 25
131/100
181/6 31/2
605/34 -75/34
40
9 20
24 10
3 24
1 13
33 39
8 18
6 5
12 5
5 5
35 33
12 24
32 37
15 6
31 17
21 14
1 34
10 16
38 16
8 13
8 26
2 16
26 23
23 29
37 32
0 22
24 29
0 0
18 36
37 37
11 27
13 26
25 15
11 31
12 40
3 21
17 15
1 40
34 38
8 9
25 31
137/100
10/1 25/1
597/46 545/46
39
0 27
33 36
25 14
8 37
4 38
32 1
35 33
38 22
28 34
26 34
2 24
39 12
38 2
9 1
2 6
37 28
28 22
35 14
30 22
20 25
17 39
23 26
31 24
13 12
37 34
6 20
20 4
35 30
24 22
31 35
33 22
16 36
5 34
2 21
24 36
1 34
5 11
31 6
7 12
17/25
313/58 1649/58
133/34 533/34
39
21 12
13 28
28 1
14 26
16 23
34 5
9 4
38 33
33 13
12 32
13 9
5 27
24 13
29 37
0 33
16 9
30 4
21 16
10 0
15 15
31 2
30 24
34 7
16 35
37 1
24 6
14 12
32 31
0 23
19 7
37 18
32 8
2 30
5 35
28 6
31 15
15 6
16 25
1 15
49/25
47/2 19/2
175/6 67/6
34
17 31
12 31
17 20
12 33
11 22
5 8
26 19
26 21
14 22
4 32
16 16
3 0
32 30
11 27
20 19
11 0
30 34
14 13
27 7
7 7
28 2
11 6
13 18
23 2
4 11
29 2
7 6
28 8
30 12
31 19
22 27
33 24
17 7
5 17
33/20
1663/82 3809/82
129/16 32/1
35
2 21
34 0
5 22
11 0
0 21
14 26
23 27
20 16
18 18
29 3
28 0
17 24
23 32
2 34
33 11
19 10
31 14
2 29
25 0
34 24
12 10
19 4
21 7
30 13
9 7
30 29
22 5
24 5
15 0
25 5
28 31
33 14
27 27
0 19
16 1
36/25
109/6 59/2
32/1 383/20
36
20 24
0 13
8 5
12 16
12 33
12 9
21 30
9 21
2 5
17 4
29 21
13 5
3 10
11 9
13 28
5 30
31 12
12 1
21 31
3 25
36 5
15 32
5 15
10 0
30 34
17 2
2 36
2 19
33 14
32 35
11 15
24 3
19 13
26 26
34 23
1 31
163/100
369/22 193/22
799/46 633/23
30
6 8
26 25
21 19
0 28
7 27
8 21
5 0
25 1
17 6
14 2
0 12
25 16
27 26
12 24
14 22
5 13
4 24
3 13
12 15
28 21
12 13
28 10
28 24
18 21
3 15
12 20
1 21
8 6
7 4
13 26
79/50
1229/64 199/16
-31/1 20/1
31
17 6
8 28
0 10
13 12
3 14
23 18
16 1
24 25
13 20
5 13
12 2
22 15
18 4
4 5
28 21
13 16
19 25
12 5
31 4
29 12
22 23
24 11
16 28
31 21
9 3
22 24
26 25
16 8
4 28
29 14
10 7
143/100
65/6 7/2
145/8 157/8
37
15 14
24 16
2 14
22 24
30 25
4 8
7 28
15 26
14 11
21 6
27 18
1 9
27 4
22 0
11 4
29 21
20 2
35 9
15 28
11 14
3 37
32 21
22 3
1 8
29 22
15 20
10 20
4 5
32 14
12 33
20 10
0 22
20 5
11 28
25 7
13 2
2 5
117/100
9/1 387/16
13/1 13/1
34
26 11
6 16
28 24
4 0
31 17
10 24
28 3
29 27
30 0
21 24
3 2
32 31
11 24
6 28
8 1
20 19
15 3
13 22
18 16
34 27
9 11
9 23
14 13
15 29
15 22
3 29
0 1
32 0
3 5
9 27
26 8
5 18
8 2
18 33
139/100
8/1 25/1
57/4 51/2
40
17 24
32 4
12 12
3 33
9 7
31 31
37 5
26 34
9 15
18 17
38 30
2 7
19 32
23 33
18 18
37 10
39 1
15 37
3 6
4 7
28 34
25 32
9 14
35 17
33 15
14 21
39 4
2 18
11 22
17 18
24 15
9 2
21 11
23 32
27 32
12 7
26 38
30 6
20 31
34 14
51/25
283/22 371/22
3/1 7/1
32
5 6
9 16
0 18
12 1
0 23
6 13
8 31
31 17
15 5
17 29
24 24
15 28
15 26
28 23
21 1
26 28
21 23
27 13
29 4
5 22
25 7
14 12
11 13
6 32
9 18
29 24
18 17
13 22
10 27
31 28
3 16
16 12
27/20
407/19 528/19
347/26 879/26
30
19 21
6 18
10 17
0 27
7 6
0 20
7 0
0 18
14 19
24 23
10 20
2 8
20 13
4 15
5 24
3 18
20 15
21 5
28 16
25 21
11 23
15 30
28 7
13 4
13 12
14 27
0 17
19 22
13 14
2 23
34/25
201/8 23/2
49/6 25/2
35
16 28
4 1
34 21
7 22
24 30
8 31
8 29
21 16
8 25
1 34
17 21
16 5
27 14
12 3
34 6
22 5
15 13
30 34
13 10
4 5
0 21
26 17
29 26
10 23
4 0
19 14
12 24
27 30
8 26
33 33
5 27
16 22
19 35
25 1
34 25
53/50
19/1 9/1
239/74 1731/74
38
18 1
1 29
8 8
3 17
14 15
5 36
13 13
36 22
19 14
14 32
37 11
21 6
14 21
16 20
27 22
17 35
4 3
8 14
22 37
36 32
12 38
8 23
5 32
13 17
7 7
24 12
30 36
18 29
26 19
35 32
8 35
23 38
15 2
11 2
32 25
31 29
5 18
28 37
199/100
219/106 2455/106
17/1 49/2
40
9 37
19 31
28 5
22 34
32 14
14 16
19 36
8 36
5 13
37 25
33 12
17 4
26 17
4 17
18 12
14 23
25 12
1 11
39 34
4 1
27 7
17 39
30 24
0 12
32 32
3 0
5 29
33 10
38 21
15 15
6 30
22 13
22 37
24 1
10 31
16 36
20 22
9 32
18 28
24 19
7/10
-873/86 2083/86
173/13 719/26
35
6 32
34 11
16 21
33 15
25 32
16 8
32 32
9 19
2 28
1 10
35 9
14 28
10 29
1 13
16 13
16 7
24 16
3 30
4 4
7 28
21 17
34 17
25 10
27 24
19 10
32 16
5 15
4 9
28 18
8 20
3 26
4 6
7 9
12 22
24 26
91/100
75/2 14/1
1133/38 291/38
31
12 6
23 15
25 11
1 2
23 24
6 11
26 10
20 18
20 14
16 12
26 12
12 5
18 3
10 5
21 15
23 21
9 31
21 26
9 23
24 7
18 5
6 27
7 31
21 31
26 11
2 12
22 6
0 2
6 17
27 8
23 26
111/100
21/1 10/1
959/62 1403/62
32
11 28
32 19
17 4
4 5
12 26
0 2
23 28
3 1
15 9
3 31
18 4
25 2
0 8
24 21
2 14
29 1
21 24
10 27
5 16
28 4
29 11
0 29
5 0
21 3
32 2
8 10
32 4
24 8
29 12
17 28
20 24
18 13
123/100
409/26 311/13
88/3 76/3
38
30 36
23 10
19 7
6 17
20 26
21 15
10 20
32 12
1 28
34 19
26 3
17 29
7 23
30 30
7 25
0 38
1 18
22 17
8 38
25 35
3 24
28 10
2 24
35 22
22 34
5 8
17 22
9 16
17 21
33 4
21 21
2 19
8 6
19 10
25 25
28 8
27 8
4 31
9/5
293/22 17/2
211/26 477/26
38
8 35
33 0
27 26
9 8
34 29
18 36
3 38
34 37
10 36
30 22
28 4
3 36
14 20
3 28
13 19
13 23
6 10
8 14
27 33
7 28
14 18
19 27
20 8
24 20
5 0
11 22
1 26
3 23
28 27
16 7
2 12
36 16
4 11
34 32
19 38
19 11
2 20
2 18
3/5
177/14 297/14
-28/1 37/1
31
15 24
31 21
14 17
17 20
11 23
26 21
4 27
20 13
10 22
16 31
13 18
1 23
6 0
27 16
12 20
3 25
5 9
30 28
6 10
29 14
6 31
12 23
14 3
23 0
1 12
3 11
11 2
3 3
10 26
27 0
28 10
161/100
281/22 565/22
497/22 607/22
34
6 24
28 11
2 17
31 29
17 2
32 26
33 4
20 30
18 34
17 25
6 21
12 9
25 30
31 19
13 24
28 20
1 30
16 1
9 26
26 5
7 13
14 26
30 2
16 8
16 29
4 11
17 8
26 34
7 27
1 11
25 5
10 14
32 13
4 28
5/4
1241/74 1289/74
283/10 313/10
35
7 23
33 21
5 29
14 9
9 29
13 2
6 5
35 20
12 7
23 12
17 2
30 29
12 22
10 28
11 31
1 28
3 31
31 4
25 17
2 32
11 33
18 35
10 1
11 10
21 34
15 2
25 13
13 10
29 11
15 31
11 6
20 17
22 18
10 11
30 2
53/100
16/1 -16/1
25/22 1777/22
33
1 12
11 2
0 19
1 32
31 9
11 17
25 15
32 19
12 22
28 3
26 19
31 15
2 30
14 32
11 18
17 4
24 14
5 23
31 23
22 26
29 27
27 30
17 33
21 24
13 20
0 24
5 13
16 6
0 32
31 21
12 30
0 29
27 13
77/100
127/58 913/58
27/2 35/2
33
20 21
9 24
1 0
32 24
25 4
13 26
10 18
27 28
33 5
23 25
33 30
21 3
16 11
3 32
6 19
0 8
7 20
29 18
33 1
27 11
2 25
25 13
30 18
4 18
1 28
29 7
21 32
23 11
4 29
15 33
25 0
6 28
18 30
31/25
279/11 169/22
7/1 29/2
30
6 15
13 11
15 14
19 14
20 30
15 1
28 14
0 30
12 8
12 16
20 15
16 4
25 17
0 18
6 20
7 1
5 17
16 17
2 18
24 25
4 26
30 0
26 21
18 20
24 26
22 9
5 20
8 18
17 17
3 23
117/100
23/6 37/2
23/6 37/2
33
19 10
16 14
5 9
3 21
16 11
19 22
22 8
17 33
4 7
0 7
26 4
32 25
1 18
4 19
22 1
17 10
17 17
18 8
21 2
25 28
5 10
3 0
2 10
20 10
13 24
27 24
16 23
2 32
18 16
2 4
8 11
7 25
20 7
27/20
-359/50 1281/50
265/14 183/14
32
24 2
17 16
32 30
7 32
7 18
23 2
0 28
32 6
9 3
22 23
3 25
12 27
29 20
32 11
15 24
8 30
4 20
0 21
4 27
17 5
18 3
17 9
10 7
24 12
28 18
6 11
22 13
22 29
7 6
23 20
16 1
1 5
77/100
683/30 431/6
396/19 318/19
33
30 18
1 24
11 32
33 15
10 6
4 20
0 4
8 13
31 22
27 10
1 22
20 12
26 12
3 8
9 22
25 2
27 0
7 4
24 29
17 25
3 30
16 4
16 33
26 26
29 8
24 14
16 25
16 6
1 28
13 18
0 27
17 11
23 29
16/25
5/1 26/1
1169/53 1086/53
33
22 17
9 5
3 2
14 25
4 9
33 6
24 0
23 29
12 12
0 18
19 2
6 1
1 2
31 1
16 21
5 21
8 23
16 12
2 17
29 32
3 16
7 8
7 30
27 24
19 19
4 19
22 0
20 26
17 22
11 20
1 20
5 32
25 32
33/20
771/50 1811/50
1421/62 1341/62
40
33 20
9 26
8 6
34 39
36 32
37 23
14 5
7 26
13 6
15 39
38 22
26 10
6 32
23 38
3 5
32 28
23 35
36 1
1 28
24 8
21 33
17 37
18 0
3 17
34 1
4 33
24 5
9 11
0 33
40 27
29 11
6 40
33 9
11 18
28 9
21 8
9 3
12 32
23 25
27 36
99/50
61/2 9/1
271/14 579/14
33
21 33
15 31
5 22
5 10
10 24
1 10
0 2
28 15
12 10
8 30
27 14
6 21
5 5
2 32
1 25
14 29
4 23
27 25
8 13
32 26
22 11
31 7
30 24
1 17
12 16
23 8
8 28
6 26
20 12
17 5
8 27
23 24
20 30
87/50
11/1 4/1
117/4 107/4
40
24 21
19 4
33 30
12 7
26 36
5 25
8 12
26 8
33 32
12 38
28 8
20 28
16 37
2 13
24 9
10 12
30 21
1 18
24 27
25 8
17 10
8 36
28 0
40 5
1 20
21 35
11 5
19 25
24 15
31 26
1 7
26 29
30 39
35 8
4 39
10 29
33 34
15 27
9 27
3 36
89/100
827/62 647/62
1251/74 2369/74
40
11 24
6 19
11 5
6 4
39 11
3 28
5 7
32 18
24 36
12 12
3 25
27 34
20 35
32 25
13 21
35 11
32 6
1 39
37 38
3 1
22 32
26 24
36 9
34 21
13 26
8 39
0 25
35 36
8 33
24 40
28 31
24 16
23 3
23 14
28 29
17 12
22 15
38 31
17 4
19 4
171/100
1383/70 1497/70
33/1 30/1
37
6 1
2 36
34 5
32 19
17 28
24 37
15 15
33 20
9 34
31 15
12 6
11 16
18 29
5 26
31 22
1 18
30 25
16 15
19 11
16 37
31 30
13 26
27 21
26 25
35 16
28 34
2 18
7 24
32 33
1 1
11 13
18 31
15 7
0 1
10 26
22 9
5 14
29/20
34/1 18/1
23/2 121/4
37
10 22
3 3
19 5
25 22
20 27
32 34
23 6
33 4
35 34
37 2
17 11
11 23
6 37
17 16
15 25
17 22
0 16
17 21
1 21
14 22
30 13
20 19
23 20
4 30
10 7
11 10
15 34
37 27
30 11
0 4
16 28
28 20
9 8
31 14
31 16
17 30
7 1
48/25
11/1 28/1
525/26 227/26
32
27 32
19 11
10 14
3 31
23 20
19 7
24 5
4 24
2 28
13 16
25 29
16 30
13 6
17 18
3 3
1 18
32 2
18 20
11 8
31 31
20 32
24 6
31 30
18 5
14 12
23 13
23 24
20 13
0 17
7 1
7 2
2 4
1/1
373/18 101/6
367/22 317/22
32
15 29
8 11
26 32
20 7
13 23
7 13
20 11
17 4
17 22
7 19
2 18
14 21
14 8
8 9
4 3
8 16
3 11
20 0
27 26
27 28
31 15
4 22
11 22
4 14
30 31
25 30
8 21
20 17
27 3
18 3
2 26
10 18
17/25
469/32 225/16
-1/1 14/1
39
12 5
15 30
34 9
6 31
35 5
35 1
32 15
22 8
22 15
20 8
39 38
3 11
23 11
24 5
22 1
13 15
6 12
29 18
10 8
12 34
7 20
10 37
9 13
9 29
23 17
38 26
34 26
35 17
10 39
20 5
7 11
12 2
26 3
1 37
38 12
4 9
0 34
38 9
13 24
129/100
711/26 347/26
13/2 7/2
31
4 25
14 30
8 10
14 16
10 9
25 25
5 6
27 24
19 18
3 2
21 30
18 4
9 7
6 18
18 10
30 16
26 7
4 22
29 29
31 13
7 22
29 6
25 31
18 31
30 28
2 2
22 29
8 6
29 12
4 0
4 12
49/50
18/1 26/1
13/2 8/1
35
14 1
21 21
29 33
3 35
32 28
11 22
27 16
26 20
22 25
32 10
31 8
4 22
9 11
23 24
34 15
10 1
23 23
28 4
2 18
29 7
7 11
23 11
13 10
9 1
2 8
16 15
14 33
26 34
4 10
28 12
17 10
14 18
14 2
7 21
33 4
77/100
15/1 99/16
1525/47 2013/94
33
27 3
29 6
16 7
19 32
32 1
13 27
13 0
25 30
9 12
11 24
18 29
19 12
7 22
16 26
27 20
18 32
12 30
4 16
33 30
32 14
21 8
3 16
10 17
5 28
7 13
9 5
30 15
7 24
11 28
17 32
15 20
27 6
15 9
67/50
1121/86 355/86
28/1 9/2
38
30 24
32 34
3 33
30 1
14 2
9 27
32 15
10 26
21 18
17 13
1 25
14 6
12 0
34 9
9 25
31 38
35 23
1 15
23 18
38 35
29 30
22 35
0 33
23 17
12 12
17 4
1 30
26 30
3 8
19 24
36 25
11 5
37 19
32 2
5 37
19 12
20 37
17 6
57/100
491/34 651/34
25/2 171/5
31
13 5
2 5
4 5
26 29
16 31
24 7
8 10
28 31
6 21
10 26
21 16
7 29
28 7
12 24
30 1
13 8
26 11
3 7
16 7
30 9
8 11
23 7
28 30
13 31
1 4
19 25
31 26
2 27
26 16
4 3
24 8
7/10
51/58 857/58
119/4 27/2
36
31 6
22 19
3 4
27 14
29 13
34 34
16 4
2 3
23 17
15 34
29 6
16 25
36 35
22 30
36 31
18 19
0 29
32 18
26 10
7 36
36 32
28 16
22 22
20 9
16 30
35 17
33 6
31 17
15 22
7 16
29 17
9 8
33 25
7 4
0 32
3 11
81/100
789/56 729/56
559/22 353/22
39
11 21
33 1
32 1
11 27
22 16
6 13
39 30
23 31
18 2
5 33
36 38
31 22
17 21
3 9
27 11
7 27
38 33
21 17
24 25
14 23
17 22
7 36
21 26
29 13
4 19
32 20
10 0
17 24
38 36
24 20
23 32
4 6
28 30
29 4
12 36
36 14
3 8
11 10
32 37
89/50
67/2 179/6
9/1 31/1
32
7 11
10 4
24 0
16 25
22 2
2 26
13 10
13 25
18 24
17 9
29 22
1 27
28 29
25 22
8 8
7 25
20 28
24 18
15 20
28 22
9 12
9 24
25 4
32 24
28 28
11 2
27 26
20 21
18 22
31 7
6 6
14 18
143/100
1307/62 411/62
21/4 35/4
32
5 23
18 23
5 24
5 5
8 8
19 16
26 21
23 14
21 3
1 27
31 14
3 1
31 27
26 29
7 22
32 31
23 27
16 8
25 9
10 8
32 21
6 3
12 29
6 6
25 19
22 23
27 22
13 27
8 0
16 24
23 16
4 15
63/50
19/1 145/4
29/1 19/1
32
17 20
20 1
10 20
27 27
21 16
8 24
12 28
23 16
0 29
30 15
11 4
23 7
30 30
6 24
21 31
3 13
16 26
2 3
23 2
11 8
1 17
28 13
28 8
16 12
2 29
9 22
7 29
20 11
20 10
29 3
6 17
26 30
38/25
71/4 21/2
97/6 6/1
38
34 3
5 8
7 22
7 8
20 5
34 12
14 37
3 1
34 25
35 22
22 28
15 12
35 9
2 37
23 7
31 33
36 18
38 32
37 3
37 16
20 14
2 3
4 16
10 18
34 24
36 21
11 27
34 33
9 32
28 31
20 32
11 2
23 28
16 17
31 4
4 8
26 20
15 19
9/10
723/62 1387/62
49/2 87/2
30
4 3
15 10
28 15
23 25
11 21
13 13
23 28
3 26
9 6
4 14
21 3
3 23
29 29
18 1
19 12
8 10
27 4
10 24
27 2
21 2
28 6
12 1
8 26
23 1
11 14
20 13
11 16
17 26
1 24
21 10
63/50
257/16 103/8
257/16 103/8
39
39 0
19 32
39 12
4 27
36 16
29 2
20 17
31 38
14 38
10 34
38 37
7 6
31 36
1 12
27 36
3 39
1 32
11 38
5 7
6 31
4 18
1 19
14 34
37 27
24 15
4 30
37 32
21 2
30 10
10 18
27 2
39 20
19 7
38 24
27 7
36 35
25 10
22 19
20 28
83/50
12/1 163/6
67/3 50/3
30
0 23
0 7
24 21
15 5
16 26
0 9
5 12
1 26
20 25
14 27
27 3
28 2
8 20
4 18
10 5
28 8
13 6
5 19
10 24
17 13
16 19
23 6
16 24
21 18
17 8
0 19
17 22
12 9
0 13
27 1
36/25
421/22 97/22
421/22 97/22
31
0 27
28 26
8 30
28 23
8 3
1 22
20 18
28 31
8 24
11 17
9 30
9 6
19 18
15 27
13 27
20 24
19 19
8 11
5 25
27 24
29 26
27 7
28 16
30 7
14 24
22 6
26 15
4 9
29 25
16 19
20 4
83/50
29/1 23/2
16/3 50/9
34
12 14
34 9
16 0
2 2
25 29
9 28
21 9
29 21
32 33
10 11
29 0
6 29
3 32
32 0
12 10
5 14
18 0
14 5
32 22
32 11
20 25
28 20
30 21
12 20
22 6
2 3
2 27
10 33
11 32
28 4
26 17
0 24
30 1
7 1
53/50
11/2 41/2
667/22 161/22
37
4 33
18 3
0 30
22 26
12 1
10 30
4 24
33 21
1 22
16 3
4 31
30 9
1 5
24 24
25 27
11 15
9 29
11 28
22 13
20 36
32 12
12 13
7 24
2 28
7 34
23 7
35 23
27 24
14 1
36 27
8 10
5 9
3 3
37 37
17 17
31 7
7 29
1/1
13/1 4/1
503/62 289/62
33
1 5
21 1
16 29
20 18
28 4
33 25
13 19
3 7
9 28
10 5
0 27
22 30
11 31
5 29
27 14
25 30
21 30
10 3
10 16
5 6
24 3
3 24
20 14
11 28
7 22
9 5
11 6
24 16
1 4
1 18
23 13
29 0
18 12
37/25
113/7 16/1
45/8 281/16
40
4 30
30 29
8 5
28 5
9 40
8 32
27 10
6 21
11 38
6 4
26 22
3 17
35 12
31 24
15 3
20 21
35 10
31 10
38 20
25 38
20 3
18 8
26 2
4 31
21 40
33 22
12 18
27 27
12 22
8 11
36 9
8 37
29 5
22 13
17 37
17 12
33 25
34 21
39 10
6 0
21/10
1297/58 1469/58
251/20 8/1
33
15 17
11 5
13 7
19 29
10 5
10 0
19 31
5 23
32 32
25 21
20 28
1 0
6 17
9 26
18 31
18 20
1 18
33 27
33 26
18 25
16 18
12 22
16 22
1 22
22 27
0 20
11 4
21 20
7 7
26 6
10 9
33 15
24 20
24/25
17/2 45/2
37/2 45/2
32
15 15
0 30
24 13
15 25
8 26
4 0
12 24
18 7
27 8
2 18
0 5
4 12
15 26
28 16
19 23
25 12
15 29
22 2
26 31
21 16
1 14
31 32
14 21
5 16
20 23
10 17
19 27
7 4
5 4
30 12
16 4
10 20
6/5
103/13 466/13
19/6 47/6
39
3 3
39 27
21 23
3 39
36 30
19 36
14 17
23 28
22 4
20 18
33 15
6 1
31 16
31 17
18 7
30 1
27 7
9 30
38 31
12 8
36 2
10 37
27 34
28 15
13 34
18 38
36 6
1 37
38 22
33 35
11 16
37 16
3 13
6 19
5 36
24 4
23 36
17 22
19 30
129/100
31/10 369/10
18/1 -113/6
36
18 35
6 7
17 25
6 35
14 31
27 22
31 29
26 24
10 5
27 24
20 25
34 30
26 36
32 29
30 33
29 25
13 3
20 13
35 8
2 10
2 7
3 11
9 20
27 17
32 16
24 18
30 16
32 17
9 23
31 17
13 19
28 12
33 15
11 9
1 24
12 5
151/100
2083/82 -55/82
189/26 144/13
38
38 30
27 14
36 14
18 23
14 25
1 2
14 31
22 29
37 30
2 17
28 11
36 6
5 32
36 27
19 19
5 2
15 23
26 29
17 4
35 6
15 38
2 24
16 25
38 7
0 8
23 38
27 25
27 7
8 6
27 17
11 6
4 11
25 36
1 0
10 12
0 36
1 13
2 12
41/25
215/26 41/2
195/11 318/11
37
34 34
9 34
21 35
7 13
15 23
9 17
0 19
22 3
29 21
18 22
10 5
33 11
3 6
12 29
28 25
22 24
31 30
22 17
0 35
12 25
31 0
0 28
36 16
31 18
14 22
18 10
24 0
20 17
14 5
31 27
34 2
18 35
27 9
35 25
16 15
30 1
31 12
3/2
327/10 15/1
25/6 63/2
32
10 18
29 15
6 30
12 7
30 21
27 31
8 7
30 0
14 14
27 8
7 7
13 16
18 6
27 27
19 11
31 30
15 20
9 12
0 19
23 15
5 23
19 19
24 15
21 9
4 26
14 29
16 13
27 6
21 23
30 2
4 12
30 26
69/100
157/16 -203/8
193/10 147/10
35
11 34
33 30
31 29
18 32
34 22
10 12
34 4
17 23
13 0
6 8
26 34
7 35
9 1
34 15
18 14
12 5
7 12
31 3
17 17
32 34
24 23
12 7
23 30
17 3
17 31
35 13
18 12
29 7
23 8
22 17
2 34
32 11
32 15
32 17
13 29
41/50
71/2 37/2
33/1 53/4
40
32 19
24 27
7 38
6 5
40 35
15 2
31 36
24 17
29 31
21 1
13 28
26 17
23 25
21 15
18 14
18 30
35 12
40 24
20 36
17 5
16 31
10 1
9 11
14 40
25 11
7 12
31 30
7 6
12 22
7 4
38 34
35 36
25 20
7 5
3 0
37 18
22 25
18 28
39 28
37 8
91/100
51/2 203/4
31/2 -27/2
39
34 21
17 0
11 15
30 2
17 33
13 14
3 12
3 30
39 35
33 12
1 19
34 0
14 33
10 35
31 18
15 5
26 4
7 9
20 19
16 11
13 28
21 1
0 13
25 13
23 7
25 24
30 37
10 19
5 36
32 36
29 4
36 39
25 15
33 31
16 5
15 32
5 37
0 1
32 32
57/100
15/1 93/5
71/2 71/2
34
22 15
2 14
30 27
4 15
28 24
16 1
19 17
0 23
31 17
22 14
27 27
13 0
31 24
16 33
17 8
24 11
33 18
13 14
0 20
13 31
7 32
4 19
27 29
27 8
23 22
0 29
12 27
20 6
11 23
2 8
21 2
16 5
26 3
29 14
5/4
61/2 41/2
845/34 837/34
30
11 25
8 7
24 18
15 14
20 0
16 11
4 13
28 12
22 20
15 29
3 26
6 25
21 24
2 9
20 1
11 0
9 13
26 12
13 6
28 6
7 17
17 25
16 14
25 0
16 21
11 19
12 21
18 13
22 25
8 22
71/100
881/46 985/46
39/7 68/7
33
5 9
16 10
10 4
29 23
21 19
24 21
26 26
21 15
2 31
29 4
25 24
10 23
17 24
30 5
13 27
11 25
17 4
28 2
9 5
0 24
14 7
24 27
5 21
0 22
25 19
22 10
1 20
8 31
32 19
8 6
2 28
27 4
6 19
37/25
171/10 71/10
533/38 645/38
38
38 30
23 2
38 29
8 10
25 25
11 3
25 16
23 35
17 2
26 30
10 18
26 14
0 6
34 32
11 34
12 14
30 35
29 23
2 31
26 16
11 31
13 11
2 27
5 37
19 31
8 35
38 25
29 8
36 21
30 4
12 28
36 5
36 11
20 19
18 14
15 9
12 38
20 9
26/25
95/17 82/17
259/10 51/10
39
32 14
31 15
4 34
18 16
23 34
5 4
35 37
24 5
38 10
21 22
26 12
16 16
8 34
31 26
8 10
24 12
5 29
29 38
4 36
36 38
21 2
32 2
34 15
8 22
5 36
8 32
13 19
24 20
38 39
29 23
31 17
15 24
30 32
8 37
17 18
34 26
12 16
31 5
20 31
83/100
18/1 48/1
71/2 41/2
37
25 14
21 25
34 19
25 19
34 16
24 33
37 2
10 21
18 15
12 31
18 8
12 24
12 11
24 4
18 7
3 30
34 2
37 0
6 16
25 2
6 0
0 22
16 17
0 36
7 7
27 22
10 26
17 2
4 5
16 26
22 35
36 16
8 19
18 12
18 20
23 30
19 29
193/100
31/1 29/1
651/86 2569/86
35
0 15
34 23
13 13
18 21
15 24
27 1
28 9
29 32
29 2
6 4
11 9
10 3
12 26
12 32
27 21
9 25
20 11
4 6
23 20
34 27
7 28
17 29
3 2
8 28
31 30
24 29
7 12
22 18
30 12
26 14
19 26
21 33
5 1
16 24
5 35
31/20
10/1 27/1
1193/34 219/34
33
8 12
21 19
9 11
0 31
28 25
9 21
29 4
33 28
12 26
14 11
25 32
10 4
13 24
21 26
11 0
11 29
13 31
5 11
27 28
16 14
12 25
27 22
1 5
11 7
10 1
18 12
21 4
5 8
29 8
16 13
5 13
17 25
2 4
163/100
-3/1 12/1
3/4 19/2
33
7 21
15 32
24 4
4 14
21 1
19 16
33 1
9 17
1 29
32 0
7 28
33 11
4 2
12 32
16 22
5 19
17 8
11 26
6 28
7 3
7 1
33 26
18 20
16 10
2 4
21 23
22 5
24 6
25 25
29 10
32 8
14 25
20 30
13/10
1703/94 2459/94
31/4 49/2
38
1 29
18 12
38 25
36 8
29 6
16 19
33 28
3 21
22 30
14 13
26 33
35 38
4 26
8 3
38 20
35 21
32 0
29 23
29 9
23 10
5 1
26 22
26 6
24 2
26 23
21 38
27 30
2 21
21 33
20 29
14 29
37 8
12 12
8 33
11 24
23 25
17 2
9 18
9/5
73/2 169/12
5/2 25/2
36
24 9
15 14
0 34
27 14
18 26
21 24
5 3
4 6
31 32
34 35
23 9
27 25
30 2
33 31
34 22
20 22
9 19
12 0
29 23
20 25
22 20
36 11
31 14
27 32
7 20
22 27
19 26
18 13
2 15
36 36
3 33
6 6
16 23
33 26
3 15
3 14
3/4
73/4 47/2
445/34 241/34
36
36 32
22 3
3 22
5 19
7 15
32 1
30 25
20 0
2 29
10 35
14 25
12 12
14 3
21 28
31 17
26 0
14 36
23 29
3 8
6 14
8 8
19 14
19 15
13 2
26 28
10 0
32 17
1 3
4 11
36 19
19 10
23 30
26 7
1 14
18 11
4 34
127/100
211/14 29/2
461/16 1135/32
34
3 13
22 24
28 15
16 21
21 23
31 22
14 2
21 25
15 33
20 21
0 33
6 24
21 17
9 30
17 30
27 27
8 20
1 20
21 3
19 20
22 17
18 18
0 25
17 5
22 27
18 22
8 3
29 14
18 14
19 21
27 19
28 18
6 28
18 27
137/100
89/18 197/6
20/1 88/3
33
22 18
0 14
5 15
0 24
13 13
12 32
27 0
29 31
3 28
28 10
17 8
13 27
30 6
9 14
1 1
15 20
31 7
0 3
10 7
25 10
13 1
31 10
2 10
13 6
26 3
1 7
33 2
6 2
9 32
17 4
1 26
27 7
4 1
127/100
211/30 659/30
203/10 253/10
31
22 2
3 23
19 25
5 9
12 17
26 23
4 7
16 14
2 14
14 7
9 25
0 12
13 21
15 24
15 6
22 22
31 0
27 7
10 20
21 28
21 30
22 3
7 8
7 29
11 17
9 23
11 8
3 31
16 23
22 31
28 28
71/100
23/1 29/1
319/18 175/18
35
5 17
32 35
5 18
9 31
11 12
10 11
0 8
29 33
27 12
4 28
19 2
21 12
32 20
32 3
16 17
19 1
24 5
1 21
11 27
2 18
13 29
24 18
16 10
3 24
15 3
26 3
15 26
12 5
2 6
23 22
19 7
5 32
33 16
28 20
1 22
57/50
569/34 929/17
45/2 17/2
32
7 3
0 9
29 20
10 6
31 28
29 17
20 25
10 19
17 7
15 23
8 15
14 5
2 32
4 16
31 17
12 17
27 6
32 11
31 8
19 30
23 1
30 16
16 24
18 20
24 14
17 16
5 5
5 8
3 9
13 23
17 23
23 9
32/25
949/34 417/34
113/6 23/2
39
17 16
20 11
4 5
11 0
32 1
21 36
12 18
28 15
1 5
9 14
35 8
38 33
20 0
28 33
39 27
13 17
30 16
2 16
26 37
30 3
12 1
29 37
1 38
24 4
23 9
20 25
39 7
33 33
28 19
0 19
16 18
0 26
37 33
21 31
19 5
36 16
15 35
8 36
7 32
24/25
2605/206 1647/206
639/22 199/22
33
16 24
32 16
29 32
6 22
28 8
19 26
5 6
10 30
17 7
32 3
10 16
30 4
22 15
28 31
5 23
33 8
4 7
16 28
18 33
2 6
25 12
13 22
16 10
32 18
31 33
8 21
26 29
22 32
27 3
19 24
6 7
6 30
29 0
33/50
35/2 25/1
169/14 367/14
30
23 5
10 30
19 22
7 13
7 4
26 10
12 4
7 16
12 14
12 0
25 7
18 29
18 16
4 10
16 3
25 27
8 24
17 8
24 15
0 10
18 27
3 5
23 7
16 13
29 19
9 18
17 24
24 1
4 16
29 15
159/100
53/2 17/1
109/8 2/1
40
18 35
38 19
32 18
22 22
2 2
29 5
15 3
10 5
28 31
0 17
10 16
9 17
26 20
33 40
6 18
29 40
21 9
38 5
18 39
28 18
26 17
0 14
16 10
7 31
40 1
35 4
30 10
28 16
31 1
19 30
13 19
31 36
13 13
30 14
11 8
13 34
7 4
33 16
26 23
6 30
46/25
15/2 15/2
194/5 12/1
35
8 30
30 33
24 13
27 10
22 11
20 1
16 25
5 3
11 31
29 17
12 25
21 21
5 14
4 22
33 32
23 11
15 30
1 4
18 14
35 29
19 15
30 26
1 22
0 9
23 7
10 6
15 15
18 0
19 21
7 31
30 18
33 3
12 18
14 35
9 2
137/100
319/12 35/24
151/6 67/6
31
29 6
26 19
8 2
23 31
18 9
14 9
26 16
14 26
30 3
24 14
19 16
25 26
5 12
15 13
0 19
27 27
24 7
23 22
28 13
5 7
22 23
14 3
13 27
7 6
10 5
11 28
16 9
6 9
31 30
8 3
21 25
6/5
17/1 91/8
47/3 209/6
39
30 14
34 31
23 27
13 11
16 19
13 18
23 23
17 1
22 10
36 36
37 29
4 38
24 14
18 15
3 12
20 18
25 18
32 13
8 37
5 27
13 25
36 25
14 14
9 14
11 13
28 26
18 17
9 22
2 38
12 35
23 2
12 18
15 2
5 18
4 18
22 12
38 15
18 19
6 36
17/10
69/8 133/4
2707/158 1137/158
39
24 36
22 18
24 4
30 22
16 35
0 13
28 23
17 11
30 23
19 27
29 38
0 19
0 3
32 24
8 18
35 34
13 6
7 19
21 15
16 15
20 6
29 39
35 6
15 32
31 33
12 3
8 25
2 1
32 22
18 8
27 23
7 9
16 10
5 18
39 9
17 18
2 12
39 23
34 33
37/20
683/34 1087/34
-5/4 8/1
31
22 6
1 7
1 4
6 6
26 23
12 1
25 4
18 15
9 6
1 24
4 25
5 31
15 8
16 6
13 25
31 28
1 12
26 5
9 23
8 11
12 14
26 20
16 26
13 1
19 6
9 9
10 23
7 5
28 24
11 17
0 23
161/100
19/2 119/6
15/2 13/2
36
1 2
36 7
23 4
16 26
7 32
25 34
9 32
11 29
21 17
24 23
6 18
26 16
21 22
28 23
36 18
3 23
19 17
14 1
24 33
12 11
16 31
2 24
30 28
0 17
13 36
13 5
32 36
30 6
20 9
30 0
5 13
27 5
33 35
11 31
24 6
18 16
111/100
369/35 158/7
363/29 583/29
38
36 23
20 13
17 1
23 26
24 34
22 26
2 0
0 6
30 36
19 19
34 6
25 29
32 36
16 33
28 28
22 22
26 13
0 11
7 26
0 9
29 25
25 16
35 34
3 37
22 29
13 27
16 5
18 2
37 12
29 32
30 9
22 30
23 2
16 18
29 27
28 36
20 32
34 38
51/100
71/4 103/2
197/22 721/22
39
35 36
36 29
6 3
25 28
31 4
5 11
21 7
25 22
39 12
19 28
10 10
9 34
10 29
32 34
9 14
35 17
36 26
18 19
37 15
32 23
35 7
39 0
23 12
34 31
27 2
12 11
3 20
36 22
39 2
26 15
35 5
15 27
39 5
8 4
12 12
1 26
2 2
0 15
34 23
51/50
22/1 25/1
27/2 11/2
34
32 19
13 3
34 9
22 26
20 15
23 25
24 20
14 22
15 11
17 25
22 2
15 2
7 11
20 12
6 9
13 0
27 31
28 23
4 13
8 14
4 30
8 29
33 12
26 11
2 1
27 30
5 29
26 17
3 30
27 17
2 2
21 34
31 13
30 20
27/20
-2/3 49/6
637/66 2911/66
39
22 30
35 29
18 15
13 25
28 13
18 6
17 22
21 0
13 10
22 37
37 0
8 25
32 38
5 15
19 8
21 35
21 32
4 2
29 38
4 8
29 23
14 16
4 12
8 7
3 7
25 10
33 0
19 31
24 8
9 0
34 16
21 29
39 35
14 33
7 24
28 35
13 22
16 30
13 17
24/25
21/2 47/2
51/2 75/2
31
16 6
22 11
17 26
26 9
20 0
25 0
30 29
7 22
24 21
27 13
21 25
8 0
8 17
3 1
26 3
25 6
31 6
24 28
14 8
27 6
11 16
20 17
16 26
23 20
21 17
18 20
2 17
11 15
16 2
4 7
1 23
101/100
41/2 67/10
303/14 313/14
31
24 19
14 1
25 10
15 16
21 26
19 18
28 12
10 13
21 14
21 16
27 11
13 0
26 13
13 1
30 19
9 16
4 24
2 11
13 21
14 8
16 4
13 17
7 18
18 18
5 6
23 16
27 15
2 15
18 19
31 15
16 0
27/20
157/8 133/16
977/106 877/106
30
12 18
15 30
6 2
18 16
24 1
16 27
24 10
27 11
3 11
2 26
23 10
21 25
11 28
7 11
11 3
24 3
27 18
13 22
24 8
19 18
0 24
7 23
23 28
0 22
22 12
27 30
11 8
11 17
13 30
10 12
97/100
55/2 24/1
437/25 1111/50
34
5 32
31 15
30 11
19 32
5 23
26 32
34 30
20 26
30 13
16 8
13 4
20 24
5 19
24 19
18 5
25 15
14 0
28 9
20 8
26 26
11 30
12 26
17 14
4 29
2 25
29 24
0 15
19 2
27 25
4 7
30 6
29 20
32 19
10 24
79/100
429/62 1637/62
127/8 21/8
40
4 4
20 32
39 4
29 38
17 12
34 4
39 7
2 4
3 25
32 22
11 17
2 15
31 5
17 40
26 22
7 0
25 1
4 18
28 7
35 18
24 2
25 25
25 39
13 40
12 36
39 25
21 19
35 7
5 6
17 33
12 28
16 27
1 25
11 0
20 10
2 12
18 35
36 10
12 32
17 32
171/100
885/58 2149/58
111/4 27/8
39
26 28
19 11
34 34
38 5
25 38
35 37
37 16
37 20
2 30
0 21
26 16
36 30
8 13
17 17
35 17
28 26
6 24
31 34
14 22
29 21
23 22
3 12
23 6
7 36
8 2
31 29
4 18
28 5
13 7
19 5
3 38
8 39
7 10
39 26
23 39
0 6
29 29
25 19
16 31
81/100
25/16 203/8
640/21 117/7
39
16 27
0 7
13 38
2 31
1 35
7 23
36 26
33 34
29 4
16 9
28 17
29 16
24 23
11 5
11 0
26 34
15 13
10 34
25 3
15 37
12 27
6 21
15 5
28 26
0 39
18 25
9 3
33 14
25 35
10 6
32 20
5 0
2 1
14 1
3 10
20 2
32 16
0 30
28 8
3/2
721/34 1027/34
19/2 9/2
32
6 10
22 5
2 8
25 7
12 20
15 8
31 24
13 10
16 13
31 13
24 5
24 27
16 7
27 25
29 13
29 15
18 14
9 20
13 23
12 23
23 11
15 29
23 16
8 11
5 2
18 29
12 17
24 16
3 0
10 30
7 17
32 13
57/100
4597/234 5113/234
225/14 -155/14
39
38 19
6 2
25 17
4 6
1 38
29 2
21 21
29 31
18 14
22 12
7 14
8 17
37 9
15 14
12 19
13 24
26 10
26 38
11 18
21 13
19 15
36 23
5 22
5 21
7 24
4 18
15 5
38 6
11 24
29 22
39 35
18 12
26 23
5 0
31 35
22 24
34 31
9 7
18 10
153/100
167/10 191/10
173/6 53/2
37
19 16
21 37
27 28
15 6
36 12
3 21
30 28
12 33
9 26
13 37
3 0
21 26
37 25
18 14
5 21
12 20
27 26
10 37
6 16
22 4
19 12
33 35
7 35
26 13
1 33
6 6
27 10
10 26
29 28
19 22
16 0
13 5
17 17
15 4
20 31
17 6
20 13
17/20
53/6 5/6
77/4 19/1
36
19 13
3 12
27 21
27 23
16 0
27 20
32 31
30 26
17 9
13 6
28 30
5 2
26 17
28 24
20 25
4 30
21 17
28 17
10 33
25 24
1 4
0 0
13 20
6 36
21 2
28 1
18 13
25 35
17 10
7 24
11 18
34 14
19 16
35 4
9 15
32 24
7/4
49/8 229/12
79/11 84/11
35
21 31
15 19
1 3
24 24
29 30
12 33
25 32
28 8
28 21
29 4
0 5
32 26
12 10
24 34
4 0
23 6
28 9
25 7
26 5
33 20
6 1
32 22
29 13
8 27
7 29
0 0
16 35
13 29
16 13
8 15
35 35
4 17
31 26
8 18
1 6
23/20
2063/94 1607/94
45/1 17/2
34
32 20
20 30
15 30
2 0
16 10
23 15
33 21
28 1
14 26
26 12
0 12
27 0
28 24
16 21
29 0
6 4
5 14
23 27
27 27
5 5
25 7
28 31
13 24
25 20
12 7
20 31
8 5
32 3
1 3
19 28
14 2
27 28
14 18
13 14
97/100
23/19 144/19
37/4 0/1
35
27 25
34 13
31 1
1 10
10 0
19 12
33 19
29 25
27 9
15 20
7 21
8 31
18 6
13 24
9 18
26 26
26 11
27 12
1 20
14 28
7 18
15 11
17 1
7 30
8 8
21 20
6 2
15 4
7 33
12 33
12 2
31 16
30 20
17 34
27 3
27/50
23/1 61/4
197/6 83/12
35
24 25
11 6
30 0
26 16
25 23
15 4
31 5
3 12
18 17
31 13
2 23
35 27
13 6
25 5
33 25
5 31
14 18
33 34
29 4
2 18
21 10
6 11
5 20
31 25
27 20
35 31
35 16
32 13
23 4
7 4
24 24
14 21
35 13
8 17
33 12
151/100
32/1 28/1
28/1 17/2
36
21 13
18 18
1 32
11 31
27 9
8 0
36 27
0 21
24 31
1 23
27 32
23 34
6 33
12 6
19 6
25 21
21 16
35 29
8 21
19 24
10 5
10 21
7 15
2 7
1 27
28 14
14 23
24 36
6 8
12 18
6 15
25 19
0 9
28 17
2 10
29 15
59/50
9/1 523/20
41/10 59/2
40
29 13
20 26
37 27
13 37
4 11
12 39
35 19
30 33
17 13
26 26
37 23
30 23
25 28
3 1
33 11
21 36
28 30
4 36
20 11
15 22
26 4
2 20
23 21
31 21
33 18
1 9
4 24
23 31
8 7
18 3
14 8
29 18
37 33
18 2
17 32
25 34
22 28
14 18
20 0
18 23
51/25
237/14 135/14
47/2 26/1
38
33 21
14 29
22 35
32 1
32 34
7 12
18 4
1 24
27 20
29 13
6 16
38 10
21 32
3 13
29 18
10 10
7 18
20 32
11 25
5 10
24 13
22 27
4 16
1 3
28 26
8 36
11 20
10 24
12 29
32 23
4 15
7 9
11 2
30 20
26 7
30 11
24 27
23 26
61/100
53/2 21/2
377/22 45/2
30
29 30
16 10
17 0
16 28
30 14
23 13
27 18
10 19
30 0
26 3
21 28
8 8
7 16
10 30
22 4
8 2
10 18
16 23
14 9
25 21
22 10
24 9
25 7
26 30
6 22
1 24
17 10
7 23
13 6
14 27
103/100
827/26 171/26
243/10 47/10
37
28 0
8 6
9 32
30 30
30 18
12 20
16 4
27 32
27 30
32 17
11 4
2 26
9 30
16 16
31 0
0 21
11 12
21 17
31 32
7 1
4 6
4 36
21 2
28 8
11 2
18 13
25 31
24 16
13 32
27 28
33 3
31 33
36 13
22 18
33 29
3 22
18 17
163/100
105/4 31/1
16/1 -13/4
34
11 18
7 0
17 32
19 16
0 0
24 5
6 3
6 29
24 17
26 17
3 31
19 17
25 7
27 30
18 21
13 27
14 14
6 5
34 28
8 15
33 19
20 15
29 20
25 33
31 16
34 22
15 23
21 24
2 14
23 21
19 23
13 14
11 2
29 21
13/25
27/2 67/4
937/34 401/34
33
20 18
18 20
6 12
29 19
28 19
33 10
30 2
18 11
10 18
7 8
12 19
17 16
5 2
30 32
1 7
32 16
33 25
28 1
0 26
18 6
25 19
8 10
5 33
15 25
1 29
8 28
26 2
12 18
10 31
3 22
6 23
7 0
30 6
27/20
323/22 471/22
313/74 1969/74
32
25 22
19 26
8 24
21 26
21 11
31 28
19 12
15 2
32 22
28 13
14 14
23 29
25 4
4 15
23 13
3 3
5 21
9 26
13 26
29 12
16 11
21 3
20 15
30 5
1 5
23 22
7 23
8 23
27 11
27 5
21 7
3 2
19/25
24/1 25/1
24/1 35/2
