100
54 104212 10059 14098
20137 57905 86078 117344
1514 130556 15180 15979
53831 150661 144532 159156
35241 137628 12516 187619
136222 188132 73742 204981
1145 157396 22404 24994
34681 205872 116818 128515
21336 51696 42278 50733
18641 122101 138312 167741
59799 105196 51720 80786
5288 206708 95214 99190
21563 45048 38261 86547
38416 56413 96042 115844
40682 107168 32312 55095
103078 168521 187964 200907
37329 166319 5038 41338
39998 226034 29522 46056
22872 183159 2841 28341
345 217405 192 380
129850 240826 123296 135900
15631 31298 14740 245060
46923 25615 27745 52549
172055 179121 143339 231632
12831 224634 158130 186083
14727 238763 821 115303
80961 255064 148243 162479
48511 138038 31641 208688
50403 99330 19002 96657
17859 11799 15136 23952
66498 173061 114842 164204
29145 40836 101780 232887
1139 96518 64717 144063
14167 218648 51401 99256
12212 19655 93510 224944
121076 35062 22533 175507
192437 211815 55348 211865
40686 247693 50540 79664
194559 104927 184109 239152
145654 6696 36121 239861
81995 129530 42426 173245
110931 23864 38021 121906
52400 81561 9974 64789
62160 76318 40732 225886
109352 39281 90048 159957
10285 33401 22440 45215
2065 65218 1494 2894
185020 220296 2178 246427
61204 24802 151463 193712
69781 77588 140029 152853
11981 124943 96428 212275
13927 260269 216804 250772
125871 19966 151095 178634
150963 239661 93351 160613
27467 82295 46555 112597
99034 229305 1023 117420
32039 91633 35990 171050
99412 142868 115738 160759
98315 120584 20448 156962
11317 33100 14920 19705
2030 178730 23784 49602
879 251574 145716 246891
20626 27639 3390 147179
1607 21578 39205 49958
8738 240150 30017 38805
30939 236667 34828 44513
100804 75576 34972 106893
6611 64609 14654 25539
2922 18260 33919 107811
26494 118915 14026 32373
50906 45722 80196 108944
23895 115551 60717 94474
100655 4532 135421 162402
2364 129555 6090 15697
196508 179287 31216 212464
18631 173365 10708 20160
10732 179944 66705 92738
76891 50567 40429 115262
71841 136201 233366 235168
227140 182709 197034 239434
244562 170905 198939 253429
55663 30960 888 55898
7790 73511 211077 233173
14570 41296 52375 89901
115339 106670 57042 133551
207741 44094 24205 222255
221246 153235 71162 234519
89891 75866 81807 102551
58629 12742 153289 164811
54778 247478 72928 150908
87538 169414 22395 148555
3341 234544 22923 215978
108877 21924 110280 232135
26785 155344 53476 165260
20660 12846 22291 57399
52006 158445 158209 183321
47168 218169 24843 140898
21927 43910 36216 91307
50183 127610 42250 56335
62509 116511 79711 110289
