83
2
4 2 1 1
4 2 2 2
2
2 2 2 1
1 1 1 1
3
2 1 1 1
3 1 1 2
2 2 1 1
5
18 2 2 5
1 2 1 1
16 10 2 3
8 10 2 4
27 6 3 5
5
24 3 3 1
15 6 3 3
24 12 4 5
45 20 5 3
10 25 5 2
9
30 9 3 2
50 20 5 4
40 5 5 2
45 15 5 5
6 2 2 3
8 10 2 3
24 16 4 2
6 1 1 2
25 25 5 5
9
16 20 4 3
2 5 1 1
36 16 4 3
21 9 3 4
10 25 5 3
16 4 2 5
3 2 1 5
32 20 4 2
12 4 4 1
7
6 12 3 5
30 20 5 3
28 12 4 3
40 5 5 5
36 16 4 5
10 5 1 3
24 6 3 2
8
12 6 2 1
21 15 3 1
25 25 5 2
18 8 2 1
32 4 4 5
30 15 5 3
20 10 5 5
3 12 3 5
9
18 12 3 2
4 4 2 5
10 25 5 4
40 25 5 5
2 1 1 1
25 25 5 3
30 20 5 4
5 4 1 3
20 12 4 1
8
2 1 1 4
32 8 4 4
9 2 1 4
12 2 2 1
12 15 3 5
16 2 2 4
6 2 2 3
40 4 4 4
5
20 6 2 3
20 16 4 2
3 6 3 4
36 8 4 5
18 2 2 4
8
15 5 5 1
18 6 3 5
12 16 4 4
32 8 4 5
9 9 3 4
5 1 1 4
30 25 5 2
8 16 4 5
8
36 20 4 2
20 25 5 2
4 8 4 4
20 10 2 2
10 4 2 4
45 25 5 2
32 4 4 1
18 2 2 4
8
15 9 3 3
9 3 1 3
5 1 1 4
1 1 1 4
27 6 3 2
16 8 2 4
4 2 1 4
28 8 4 3
5
16 12 4 2
4 4 2 4
20 4 4 2
9 3 3 3
36 4 4 4
8
6 6 3 1
7 1 1 1
20 12 4 2
30 3 3 1
9 4 1 2
9 9 3 5
8 8 2 2
28 8 4 5
7
4 2 1 4
35 10 5 4
27 3 3 5
12 15 3 2
21 12 3 2
16 8 2 4
15 25 5 4
6
16 10 2 4
2 3 1 5
21 12 3 1
20 12 4 2
20 25 5 1
2 2 2 2
6
6 3 1 1
15 6 3 3
6 12 3 5
4 4 1 5
40 4 4 2
12 6 3 2
8
24 4 4 2
5 20 5 5
9 3 1 1
25 20 5 2
50 10 5 4
10 15 5 1
16 8 2 1
45 25 5 4
6
20 5 5 5
25 25 5 5
20 8 4 2
8 16 4 4
30 15 3 4
28 20 4 2
8
10 2 2 1
20 2 2 4
30 12 3 2
15 20 5 5
28 20 4 2
16 2 2 5
21 12 3 1
35 25 5 5
21
260 70 10 6
189 63 9 1
192 72 8 2
45 21 3 7
15 2 1 10
90 40 5 3
84 12 4 8
48 12 6 5
162 63 9 4
60 8 4 6
12 9 1 10
42 56 7 5
3 6 1 6
7 2 1 1
64 8 4 10
4 32 4 10
20 50 10 9
2 2 2 1
96 24 6 7
30 35 5 5
225 54 9 2
21
189 90 9 8
18 6 1 10
39 6 3 4
19 9 1 8
261 45 9 6
80 20 10 1
98 14 7 6
68 4 4 3
66 54 6 10
30 6 6 3
76 20 4 3
20 5 5 10
12 28 4 4
130 20 10 2
26 6 2 10
72 32 8 1
108 6 6 9
16 8 1 6
210 100 10 6
72 81 9 5
90 30 3 7
18
51 21 3 7
3 15 3 10
150 50 10 1
168 24 8 2
80 25 5 5
26 8 1 10
14 28 7 10
60 12 4 9
112 64 8 8
114 48 6 7
6 21 3 1
88 8 8 7
48 32 4 7
35 15 5 4
260 50 10 5
15 6 1 5
40 80 8 2
90 24 3 3
21
138 36 6 3
56 28 4 8
48 6 3 4
14 1 1 2
230 90 10 2
63 21 3 1
120 60 10 8
33 12 3 4
50 30 5 3
25 6 1 1
64 48 8 8
12 24 6 7
51 3 3 4
21 12 3 7
200 60 10 9
48 4 4 1
68 12 4 4
10 10 1 1
8 80 8 5
9 27 3 2
160 48 8 6
15
58 10 2 6
1 1 1 3
96 24 8 7
11 7 1 9
132 60 6 8
70 30 10 3
144 54 6 8
25 9 1 9
115 20 5 2
108 81 9 8
114 48 6 10
14 16 2 6
161 70 7 8
180 50 10 1
4 4 1 4
20
52 40 4 4
20 14 2 1
69 3 3 4
190 50 10 3
160 80 8 4
98 21 7 3
5 8 1 8
60 20 5 10
112 40 8 2
116 8 4 5
210 60 10 8
15 20 5 6
270 80 10 2
162 45 9 7
14 4 2 1
54 9 9 3
8 10 1 6
14 49 7 10
36 54 9 7
8 24 4 2
23
65 30 5 2
120 90 10 7
60 30 6 6
112 21 7 6
40 80 8 9
36 36 4 10
56 16 4 7
2 4 1 2
72 24 4 1
44 24 4 10
133 63 7 10
3 6 1 7
216 48 8 6
6 27 3 1
147 63 7 10
14 18 2 6
28 70 7 6
70 70 10 9
18 90 9 3
66 24 6 7
120 56 8 10
99 72 9 6
102 54 6 8
20
60 28 4 3
85 20 5 3
132 36 6 3
224 32 8 6
240 80 8 9
80 30 10 9
32 24 4 5
207 36 9 1
138 36 6 5
96 16 8 8
161 35 7 2
55 50 5 7
20 6 1 9
24 16 8 8
120 48 8 4
36 8 2 10
20 18 2 1
52 4 4 2
160 90 10 2
168 40 8 5
15
198 81 9 9
270 70 10 7
20 2 1 6
10 16 2 8
16 18 2 10
190 60 10 10
80 72 8 7
196 14 7 10
154 70 7 9
44 8 4 8
20 40 5 1
116 24 4 5
60 35 5 4
110 70 10 10
35 14 7 7
17
234 81 9 1
48 18 3 8
50 30 10 10
144 48 6 3
208 48 8 3
5 6 1 3
60 21 3 3
220 100 10 8
170 10 10 6
252 81 9 5
92 12 4 4
130 40 10 7
29 8 1 3
168 16 8 7
30 42 6 5
112 4 4 10
230 40 10 1
21
2 6 2 5
72 6 3 10
210 14 7 7
48 16 8 1
4 8 4 5
35 70 7 8
120 16 8 2
104 8 4 5
184 64 8 6
12 8 4 4
52 20 2 6
52 8 4 1
207 54 9 10
90 5 5 10
10 90 10 9
5 2 1 8
171 90 9 7
140 45 5 6
45 81 9 8
65 40 5 4
30 2 1 7
20
57 24 3 7
80 32 4 4
25 4 1 3
180 90 9 4
110 40 5 6
1 9 1 5
152 80 8 5
140 7 7 2
18 8 1 4
150 54 6 10
56 35 7 10
180 10 10 6
130 20 5 4
3 15 3 8
210 90 10 6
55 20 5 8
63 63 7 9
30 6 1 1
80 20 5 10
95 40 5 1
19
64 24 8 7
112 12 4 7
99 36 9 6
30 6 1 8
9 9 9 10
150 18 6 4
48 9 3 9
162 6 6 6
168 14 7 7
144 18 6 5
15 15 5 3
100 4 4 7
10 15 5 9
48 32 4 2
153 27 9 3
6 6 1 10
54 12 3 10
44 32 4 2
10 20 2 7
23
57 6 3 10
44 6 2 8
45 15 5 5
18 20 2 10
2 14 2 2
48 8 8 9
98 21 7 5
150 15 5 2
56 40 4 4
120 100 10 7
30 60 6 8
182 28 7 6
50 10 10 3
132 48 6 5
63 28 7 10
23 8 1 4
90 72 9 7
110 90 10 10
168 12 6 1
96 40 4 9
208 32 8 5
22 18 2 9
30 8 1 2
20
125 40 5 8
20 24 4 8
203 7 7 7
78 54 6 3
189 27 9 1
2 2 2 7
55 5 5 10
35 14 7 5
114 54 6 5
90 36 9 1
34 8 2 5
145 50 5 4
16 48 8 9
54 63 9 9
104 64 8 7
48 24 4 2
120 25 5 1
90 50 5 6
18 12 6 4
36 3 3 2
15
126 12 6 1
7 56 7 10
203 7 7 3
147 7 7 6
120 36 6 6
10 6 1 3
24 9 1 10
8 16 8 10
114 12 6 6
20 1 1 2
56 2 2 9
42 4 2 10
140 80 10 1
135 35 5 8
50 16 2 8
20
10 10 10 9
9 7 1 9
84 32 4 4
36 36 9 10
11 2 1 5
105 56 7 10
290 100 10 7
44 18 2 6
30 1 1 10
138 12 6 1
20 4 1 9
17 3 1 5
80 40 10 1
216 36 9 9
207 81 9 6
27 2 1 10
90 18 3 5
190 90 10 2
28 20 4 7
8 64 8 8
19
18 10 2 4
154 35 7 8
190 90 10 8
161 14 7 7
22 5 1 8
68 12 4 3
72 72 9 4
98 7 7 1
21 7 7 4
36 4 2 3
180 24 6 9
182 56 7 1
180 60 10 1
104 28 4 3
32 56 8 2
4 10 2 6
46 16 2 6
207 9 9 4
140 20 10 4
12
27 72 9 5
216 32 8 9
168 48 8 7
54 3 3 4
207 36 9 3
120 16 8 4
78 9 3 5
4 8 1 5
154 21 7 4
91 42 7 5
72 36 4 5
65 35 5 9
21
38 8 2 2
15 9 1 2
36 28 4 1
98 7 7 8
102 54 6 1
12 12 3 7
22 8 1 5
14 14 2 6
190 90 10 1
24 8 2 4
147 63 7 6
140 10 10 7
180 48 6 4
96 8 4 7
270 63 9 1
51 6 3 8
105 25 5 10
112 12 4 9
34 6 2 4
56 49 7 1
10 9 1 8
14
48 28 4 3
190 30 10 5
28 12 4 3
153 18 9 1
60 36 4 5
203 21 7 4
100 20 10 9
72 6 3 9
200 16 8 1
24 18 3 7
128 64 8 1
112 64 8 4
243 18 9 8
140 25 5 10
16
21 3 3 4
24 24 3 7
8 8 2 9
70 80 10 8
104 16 8 7
84 3 3 2
20 2 1 8
160 20 10 3
51 30 3 7
68 12 4 10
161 49 7 6
250 30 10 7
27 27 3 5
260 70 10 4
12 6 3 10
45 24 3 5
23
252 9 9 9
136 72 8 8
28 4 2 8
60 40 4 1
11 10 1 10
14 4 1 5
22 8 2 9
290 80 10 8
36 45 9 10
28 32 4 3
28 21 7 8
80 4 4 2
27 45 9 1
162 54 6 9
52 6 2 6
24 12 3 5
3 27 3 9
200 90 10 5
147 49 7 10
182 42 7 6
196 7 7 4
216 72 8 8
2 5 1 2
12
16 10 2 3
96 12 6 3
45 18 9 2
112 32 4 2
200 24 8 9
280 50 10 7
40 12 2 5
216 72 8 4
10 12 2 5
162 48 6 2
96 8 8 10
220 10 10 9
21
92 24 4 4
44 36 4 10
15 30 5 9
112 8 4 3
28 28 7 10
160 80 8 6
120 16 8 10
21 70 7 7
75 5 5 7
20 45 5 2
25 9 1 7
84 16 4 2
210 35 7 3
8 10 2 7
80 80 8 9
80 40 5 2
70 14 7 2
12 4 4 3
24 18 2 7
52 12 4 7
20 20 10 1
17
63 18 9 7
72 24 6 9
126 56 7 5
76 40 4 9
290 70 10 1
144 24 6 6
22 9 1 4
58 14 2 8
60 45 5 7
100 20 10 8
200 80 10 2
18 90 9 1
30 3 1 9
12 15 3 3
24 12 2 4
46 14 2 2
21 3 1 4
21
120 24 4 6
117 90 9 6
136 48 8 8
7 4 1 9
40 80 10 2
58 14 2 2
88 32 4 2
21 63 7 10
105 28 7 5
160 60 10 9
3 15 3 10
77 56 7 2
70 80 10 3
200 64 8 3
72 3 3 10
63 18 3 2
135 40 5 9
168 12 6 6
130 45 5 5
120 16 8 4
66 24 6 8
17
88 72 8 5
120 40 8 4
28 3 1 7
110 15 5 4
6 60 6 2
10 4 2 4
117 72 9 2
10 30 10 1
40 28 4 10
105 35 7 8
20 7 1 1
20 12 4 7
18 3 1 4
30 80 10 1
30 24 6 10
102 6 6 10
260 70 10 4
17
135 90 9 6
50 80 10 6
22 3 1 8
38 14 2 9
75 27 3 3
250 70 10 2
22 4 2 8
270 50 10 8
12 20 4 3
48 60 6 3
120 24 4 1
56 14 7 8
170 40 10 8
4 20 4 1
26 18 2 1
45 5 5 3
160 24 8 7
21
117 27 9 1
58 8 2 5
108 45 9 1
95 40 5 8
90 40 5 8
60 5 5 6
6 21 3 2
27 24 3 7
180 12 6 1
36 4 2 6
190 50 10 1
154 70 7 6
40 28 4 6
16 1 1 8
21 15 3 4
48 20 2 2
126 63 9 5
3 1 1 9
81 63 9 6
130 30 10 8
140 50 5 2
59
40 25 5 8
16 2 2 9
18 15 3 3
24 6 3 3
36 6 6 2
12 8 2 9
70 14 7 1
10 6 2 10
6 6 6 4
50 15 5 8
14 35 7 6
90 36 9 10
20 50 10 9
9 6 3 3
2 10 2 6
42 30 6 3
32 16 8 2
6 6 3 6
49 21 7 9
6 4 1 5
48 24 6 6
72 27 9 10
81 45 9 10
10 15 5 6
24 40 8 9
100 30 10 8
16 12 4 5
54 18 6 4
4 4 4 1
60 30 10 1
18 6 2 4
28 12 4 7
20 10 5 9
40 40 8 5
3 12 3 2
36 8 4 1
24 18 6 3
4 10 2 6
70 10 10 9
45 18 9 4
9 2 1 5
4 5 1 8
7 21 7 8
21 3 3 5
63 45 9 4
10 1 1 6
10 30 10 5
60 24 6 6
12 9 3 10
18 45 9 3
5 15 5 1
20 12 4 6
80 50 10 5
30 25 5 9
72 24 8 7
12 4 4 4
12 12 6 5
6 8 2 2
15 6 3 1
74
3 1 1 6
6 12 3 3
9 9 9 2
16 2 2 5
36 12 4 6
14 35 7 1
20 15 5 8
60 24 6 10
28 21 7 7
70 20 10 9
7 1 1 8
80 50 10 10
4 10 2 4
16 40 8 1
40 40 8 1
18 3 3 5
12 12 6 5
8 8 8 6
30 15 3 5
9 1 1 6
8 1 1 10
70 35 7 8
36 36 9 5
21 21 7 7
90 40 10 6
12 12 4 2
40 20 10 2
12 15 3 6
5 10 5 4
9 6 3 1
48 30 6 7
50 30 10 7
60 40 10 10
25 25 5 2
30 30 10 9
14 4 2 10
18 18 9 6
10 50 10 5
20 16 4 9
27 45 9 3
30 25 5 2
10 4 1 6
6 3 1 7
2 8 2 3
6 30 6 7
24 32 8 10
100 10 10 3
80 16 8 1
32 20 4 1
81 18 9 1
45 36 9 1
24 15 3 9
1 3 1 9
2 2 1 7
49 21 7 6
36 18 6 5
20 50 10 9
10 6 2 10
15 15 5 10
5 5 1 4
56 32 8 7
40 20 4 1
42 14 7 3
18 2 2 9
4 4 4 6
42 12 6 9
35 7 7 9
72 27 9 10
12 4 2 10
54 12 6 4
35 10 5 4
24 12 6 5
8 4 2 2
64 8 8 3
78
15 12 3 10
36 4 4 2
6 6 6 7
24 16 4 5
30 25 5 7
45 20 5 10
48 24 6 6
14 2 2 2
63 36 9 10
8 1 1 6
27 9 9 1
4 2 2 10
35 10 5 4
14 7 7 2
27 9 3 1
20 40 10 6
12 4 2 6
10 4 1 9
21 28 7 2
42 28 7 8
21 6 3 2
50 30 10 1
54 36 9 7
56 8 8 5
18 6 3 8
7 14 7 6
4 8 4 2
40 5 5 9
28 8 4 6
36 27 9 10
24 30 6 3
60 24 6 4
6 5 1 4
56 21 7 1
54 6 6 8
70 7 7 8
12 4 4 9
90 45 9 2
10 40 10 1
2 8 2 9
32 24 8 1
8 16 4 4
12 18 6 1
30 9 3 10
6 10 2 2
81 27 9 6
6 9 3 8
1 4 1 6
16 40 8 7
20 20 5 4
2 5 1 9
28 28 7 2
18 12 6 9
12 12 3 2
90 30 10 3
24 9 3 6
8 10 2 2
60 30 10 10
5 15 5 6
40 16 4 5
16 16 4 3
10 4 2 9
50 15 5 6
42 30 6 7
72 45 9 4
64 24 8 3
7 2 1 9
20 8 2 2
36 30 6 3
9 3 3 6
45 18 9 7
3 5 1 7
80 32 8 10
15 25 5 10
30 6 6 10
18 45 9 3
49 7 7 7
30 10 10 2
51
5 2 1 5
18 27 9 4
40 8 4 2
36 24 6 3
80 20 10 2
2 8 2 3
21 9 3 8
20 5 5 10
72 36 9 2
4 3 1 2
30 50 10 7
16 16 8 4
8 20 4 5
4 12 4 10
6 12 6 2
20 12 4 2
10 2 1 3
50 10 10 5
10 25 5 3
8 1 1 4
4 2 2 2
20 8 2 4
49 28 7 1
56 35 7 2
36 45 9 3
35 10 5 6
64 8 8 8
16 4 4 5
12 12 3 7
63 14 7 7
8 40 8 2
80 40 8 10
36 20 4 7
45 45 9 10
30 30 6 4
21 28 7 6
18 6 2 5
56 16 8 4
27 9 9 10
48 18 6 10
50 20 5 6
3 15 3 3
3 3 1 1
6 5 1 7
10 20 10 7
40 20 10 1
40 40 8 1
28 20 4 3
9 9 3 9
8 4 2 4
7 4 1 7
66
40 20 10 7
21 15 3 6
27 18 9 9
48 6 6 2
10 50 10 2
24 32 8 7
30 50 10 9
3 12 3 8
20 40 10 3
6 10 2 10
14 21 7 9
80 8 8 8
60 10 10 8
49 7 7 5
35 5 5 6
24 6 6 3
56 7 7 10
8 20 4 8
10 10 2 1
90 18 9 2
42 12 6 7
18 9 3 6
32 4 4 6
16 8 2 5
20 12 4 5
25 15 5 8
72 9 9 8
2 3 1 6
63 21 7 1
50 50 10 5
50 25 5 5
36 9 9 10
80 20 10 10
70 14 7 3
4 1 1 3
60 30 6 7
12 18 6 8
100 10 10 8
18 30 6 10
10 15 5 10
32 32 8 3
5 10 5 3
18 45 9 3
12 2 2 2
4 8 2 3
6 15 3 2
10 4 1 5
45 10 5 6
21 14 7 7
90 20 10 8
6 4 1 4
12 20 4 2
9 12 3 5
70 50 10 1
7 35 7 2
24 16 4 2
15 15 5 10
3 4 1 1
45 36 9 1
30 3 3 10
30 10 5 6
20 25 5 6
48 40 8 4
16 8 8 4
24 6 3 5
35 7 7 4
63
63 36 9 8
49 21 7 1
50 20 10 4
18 15 3 2
60 24 6 9
14 4 2 1
36 18 6 3
16 8 8 8
40 30 10 9
24 18 6 8
80 10 10 5
14 14 7 1
50 15 5 1
12 20 4 2
64 8 8 1
72 16 8 8
4 4 2 10
32 4 4 4
10 3 1 9
40 40 8 6
27 18 9 6
30 25 5 7
8 10 2 7
30 40 10 1
70 7 7 9
16 8 2 9
10 15 5 4
6 4 2 4
6 1 1 6
42 30 6 5
2 6 2 9
6 30 6 6
2 2 1 3
5 25 5 2
12 9 3 10
54 12 6 1
7 2 1 5
8 8 4 9
25 15 5 9
45 20 5 4
42 14 7 2
18 10 2 10
35 7 7 9
21 14 7 7
81 36 9 1
36 8 4 7
24 15 3 9
48 18 6 8
28 8 4 10
10 40 10 8
30 6 6 5
24 12 4 7
72 18 9 7
90 45 9 3
7 21 7 9
10 6 2 3
63 28 7 9
100 40 10 6
90 40 10 9
56 24 8 3
60 20 10 7
3 12 3 10
18 12 6 7
71
12 9 3 7
15 12 3 3
18 18 9 5
14 4 2 1
48 18 6 10
32 16 8 8
24 20 4 5
1 2 1 7
49 7 7 5
36 30 6 6
90 40 10 10
4 1 1 3
6 4 1 5
7 28 7 8
81 45 9 1
8 4 4 7
45 5 5 3
72 27 9 7
45 27 9 4
12 6 2 3
18 12 3 1
42 6 6 1
35 7 7 9
40 20 5 7
5 10 5 2
90 27 9 8
70 7 7 2
70 20 10 5
7 1 1 2
80 16 8 6
9 4 1 7
28 28 7 3
20 10 10 6
30 10 10 3
9 9 9 7
48 32 8 9
30 10 5 3
8 8 2 5
40 8 4 3
21 9 3 5
8 16 8 6
40 30 10 7
2 10 2 6
32 8 4 7
80 20 10 7
64 24 8 9
56 8 8 5
60 6 6 5
27 12 3 7
35 20 5 8
72 24 8 1
18 30 6 5
10 3 1 1
60 30 10 4
16 8 2 2
9 9 3 3
10 50 10 4
2 4 1 10
50 20 10 6
6 9 3 8
8 1 1 5
12 6 6 4
24 8 8 7
63 36 9 4
30 24 6 5
36 9 9 1
40 32 8 1
50 15 5 10
18 8 2 6
6 12 6 10
21 28 7 7
74
54 36 9 10
56 40 8 8
36 36 9 8
24 16 8 3
45 25 5 8
15 25 5 2
70 28 7 9
14 21 7 6
60 20 10 3
27 3 3 1
70 10 10 4
12 8 2 9
8 20 4 9
30 12 6 9
2 5 1 8
1 3 1 4
9 2 1 10
35 10 5 3
7 2 1 6
10 3 1 5
5 4 1 7
27 18 9 8
42 18 6 10
32 16 8 2
5 5 5 8
10 20 10 4
48 30 6 5
24 12 3 8
50 5 5 3
6 6 6 6
42 14 7 1
12 15 3 8
25 25 5 1
10 2 2 9
28 16 4 4
15 6 3 9
20 5 5 4
3 2 1 7
24 12 6 9
36 4 4 8
2 6 2 6
64 24 8 5
40 12 4 3
8 2 2 2
81 9 9 7
63 18 9 3
90 36 9 1
18 9 3 10
3 9 3 5
16 24 8 10
40 24 8 4
14 6 2 5
100 10 10 7
4 2 1 7
9 9 9 9
6 12 3 3
30 20 10 5
30 6 3 7
12 6 6 4
63 28 7 6
20 10 10 6
9 9 3 4
48 32 8 4
72 9 9 6
18 4 2 6
6 4 1 10
36 12 6 5
18 24 6 3
20 16 4 3
10 20 5 6
21 21 7 10
20 6 2 3
24 20 4 2
56 21 7 8
51
45 25 5 6
54 9 9 6
16 16 8 4
80 16 8 1
4 1 1 9
5 5 1 3
20 15 5 9
18 12 3 3
35 14 7 6
12 10 2 7
81 36 9 10
50 50 10 7
8 4 4 6
9 5 1 3
30 12 3 4
63 45 9 9
10 6 2 8
60 50 10 3
20 6 2 6
72 16 8 6
10 10 5 5
12 4 4 4
72 9 9 10
18 18 9 10
48 40 8 6
50 20 5 9
6 2 1 8
14 6 2 4
40 5 5 5
14 21 7 10
9 6 3 6
16 4 4 4
42 7 7 9
32 12 4 9
56 16 8 4
90 40 10 8
70 35 7 6
64 40 8 1
40 20 10 2
42 24 6 2
18 24 6 1
1 3 1 6
100 50 10 1
9 36 9 5
24 12 4 10
18 8 2 8
30 15 5 7
60 6 6 2
2 4 1 5
27 3 3 8
12 6 3 3
82
18 27 9 8
30 20 10 9
10 10 5 4
12 9 3 8
14 28 7 4
18 12 3 4
9 9 9 7
8 6 2 4
21 35 7 4
63 21 7 6
6 6 6 3
40 20 5 7
63 27 9 7
27 12 3 8
30 9 3 7
80 16 8 9
15 12 3 2
32 16 4 6
49 21 7 10
12 8 2 5
21 9 3 3
24 6 3 1
1 2 1 2
8 5 1 3
72 40 8 2
12 4 4 7
36 12 4 7
90 36 9 4
28 4 4 10
64 8 8 2
15 10 5 8
3 3 3 2
48 12 6 2
60 12 6 6
70 28 7 10
28 28 7 1
6 3 3 6
16 40 8 7
6 2 1 2
45 18 9 8
20 4 2 2
18 18 6 4
10 50 10 6
42 21 7 3
35 21 7 2
56 32 8 7
30 24 6 10
72 18 9 2
90 10 10 4
56 21 7 5
20 10 10 3
4 3 1 6
25 5 5 7
24 12 6 6
70 10 10 3
24 8 8 3
3 3 1 8
40 40 10 1
10 5 1 8
5 10 5 4
50 20 10 7
20 25 5 8
10 8 2 7
42 30 6 10
81 9 9 8
5 4 1 9
4 4 4 8
40 16 4 2
40 40 8 7
36 30 6 3
54 12 6 5
8 4 4 2
48 32 8 10
14 10 2 2
27 27 9 3
7 1 1 8
24 16 4 8
36 36 9 4
18 2 2 3
9 3 3 5
80 40 10 5
7 14 7 7
67
18 27 9 10
14 4 2 7
18 9 3 8
7 4 1 9
36 18 9 2
54 24 6 3
63 14 7 3
15 10 5 1
6 3 1 3
10 3 1 5
6 3 3 9
6 24 6 7
10 6 2 10
25 10 5 7
12 12 3 6
42 35 7 2
9 1 1 7
80 20 10 3
20 6 2 9
72 24 8 6
45 36 9 2
4 1 1 3
15 3 3 3
8 32 8 9
35 15 5 2
4 2 2 5
16 2 2 9
10 15 5 1
21 28 7 2
18 6 6 6
24 24 8 6
24 8 4 4
32 16 4 6
80 8 8 1
28 16 4 3
27 36 9 5
30 30 10 9
63 18 9 3
30 15 5 3
8 8 4 1
35 21 7 4
64 16 8 5
8 3 1 10
3 2 1 8
8 4 2 5
28 28 7 2
4 4 4 8
7 14 7 6
36 12 4 6
16 16 8 6
60 20 10 10
30 15 3 9
50 10 10 5
2 4 2 4
70 7 7 4
32 24 8 7
50 10 5 4
27 15 3 7
24 24 6 6
12 4 4 9
16 12 4 3
60 12 6 9
40 8 8 6
5 3 1 6
1 2 1 1
48 8 8 7
3 3 3 6
55
16 8 2 2
14 28 7 8
50 50 10 6
32 32 8 8
4 8 4 7
80 16 8 5
7 35 7 9
15 6 3 8
42 6 6 9
20 20 4 8
16 24 8 8
27 3 3 5
9 3 1 7
8 12 4 9
63 27 9 10
7 2 1 8
5 1 1 2
6 3 1 8
49 7 7 4
9 9 9 1
6 8 2 2
10 20 5 2
90 18 9 3
70 7 7 3
2 2 2 8
32 4 4 10
20 10 5 10
4 8 2 5
36 4 4 10
56 7 7 1
12 8 2 8
8 16 8 6
18 18 9 10
72 18 9 3
30 10 5 2
63 14 7 2
3 12 3 10
5 5 5 7
35 35 7 9
100 50 10 8
18 4 2 10
48 16 8 8
18 9 3 8
30 12 6 4
45 25 5 10
81 27 9 5
27 18 9 6
64 24 8 6
12 12 4 8
50 25 5 9
24 12 3 2
20 20 10 9
35 10 5 6
6 30 6 9
12 24 6 8
65
81 9 9 9
16 8 2 10
30 9 3 3
50 30 10 5
14 21 7 4
24 8 8 6
30 30 6 3
24 15 3 9
15 20 5 2
100 10 10 1
35 25 5 1
6 30 6 4
3 2 1 3
8 40 8 5
90 50 10 8
64 40 8 10
24 30 6 8
6 2 2 1
54 45 9 9
6 5 1 7
45 25 5 6
30 10 5 1
80 10 10 6
21 6 3 1
24 12 4 5
7 5 1 6
48 32 8 8
16 12 4 4
42 18 6 3
70 10 10 6
9 9 3 2
36 45 9 6
49 35 7 8
4 20 4 8
27 3 3 4
30 50 10 7
20 12 4 2
40 25 5 5
5 4 1 7
72 36 9 3
36 4 4 10
7 14 7 1
10 8 2 5
9 3 1 5
42 21 7 9
32 16 8 6
14 8 2 5
8 16 4 5
18 2 2 5
4 3 1 3
18 6 3 8
20 10 10 5
63 18 9 8
10 50 10 8
36 30 6 3
15 3 3 7
60 30 6 9
48 6 6 4
40 40 10 5
28 8 4 1
20 8 2 9
56 24 8 1
80 16 8 6
8 2 2 6
6 9 3 2
51
3 5 1 6
10 4 2 10
32 12 4 5
12 20 4 3
36 12 4 9
45 5 5 10
16 40 8 10
1 2 1 9
10 4 1 5
20 2 2 1
90 9 9 8
12 30 6 7
14 2 2 9
28 7 7 8
10 5 5 10
25 25 5 5
81 36 9 6
12 4 2 3
24 4 4 5
6 6 3 10
8 2 2 6
21 12 3 1
18 12 6 6
21 7 7 6
5 4 1 7
40 20 4 8
36 36 9 4
6 5 1 6
7 7 7 4
6 10 2 2
8 8 8 6
18 4 2 10
56 35 7 10
16 4 4 6
35 35 7 1
8 3 1 3
8 20 4 7
30 24 6 1
42 24 6 3
72 9 9 4
63 7 7 9
80 20 10 3
27 36 9 2
15 3 3 7
20 10 5 7
14 21 7 7
56 16 8 2
100 30 10 3
12 12 3 8
35 10 5 10
6 24 6 5
87
12 18 6 7
7 5 1 9
10 10 10 6
20 8 2 4
64 16 8 5
36 30 6 6
14 7 7 7
50 40 10 1
72 9 9 4
42 12 6 4
28 7 7 8
25 20 5 9
4 4 1 4
4 16 4 10
27 36 9 2
40 10 10 6
24 6 6 6
35 5 5 6
6 15 3 10
20 50 10 7
12 3 3 7
14 2 2 4
40 12 4 2
63 36 9 6
6 12 6 8
8 4 1 3
18 6 3 4
2 3 1 9
21 6 3 9
2 8 2 6
80 40 10 6
10 5 5 4
56 32 8 5
27 9 3 1
16 4 4 3
12 10 2 6
30 30 10 2
5 10 5 8
20 5 5 8
16 24 8 2
28 20 4 10
10 1 1 9
42 21 7 10
36 18 9 6
90 40 10 7
8 4 2 3
81 36 9 8
48 32 8 10
100 10 10 8
24 15 3 7
6 4 1 3
56 7 7 9
60 40 10 3
8 8 4 10
18 6 6 2
45 27 9 6
3 2 1 6
24 16 4 6
15 20 5 10
8 16 8 1
20 8 4 1
9 12 3 10
30 6 6 8
16 4 2 1
18 36 9 4
9 1 1 6
70 14 7 5
45 20 5 3
7 14 7 3
63 7 7 10
60 30 6 2
50 10 5 8
21 14 7 8
80 8 8 10
70 30 10 1
30 15 3 4
4 6 2 3
15 6 3 3
32 12 4 6
40 15 5 7
49 14 7 4
72 24 8 4
90 27 9 7
1 4 1 2
40 24 8 1
54 12 6 6
6 10 2 6
71
12 3 3 10
9 6 3 2
32 24 8 7
3 1 1 5
30 15 5 7
21 6 3 6
12 30 6 4
20 20 4 6
64 32 8 6
63 7 7 2
45 18 9 7
50 5 5 6
15 5 5 9
10 5 1 8
35 14 7 7
8 2 1 9
18 4 2 8
12 10 2 9
100 50 10 10
24 8 4 1
36 18 6 9
36 12 4 2
54 9 9 8
10 6 2 2
10 5 5 4
72 40 8 2
14 21 7 5
4 20 4 1
15 6 3 9
42 7 7 6
90 18 9 3
48 18 6 5
24 15 3 7
1 3 1 2
8 20 4 8
6 5 1 10
25 25 5 9
72 27 9 8
56 24 8 8
28 28 7 4
40 20 5 5
20 40 10 1
40 8 8 8
80 24 8 9
14 8 2 10
10 30 10 2
48 40 8 9
56 35 7 1
32 16 4 2
8 24 8 5
40 8 4 8
24 18 6 3
28 16 4 9
49 28 7 4
63 18 9 1
40 30 10 5
2 10 2 3
70 20 10 2
18 12 3 6
6 15 3 10
7 21 7 9
35 10 5 10
42 12 6 9
20 10 5 2
4 8 2 5
9 9 9 2
5 25 5 4
16 12 4 9
9 3 1 9
18 18 6 6
20 6 2 3
68
45 36 9 5
8 40 8 1
80 8 8 2
36 20 4 5
12 30 6 5
10 15 5 8
9 9 9 6
64 32 8 10
12 8 4 5
21 35 7 2
7 14 7 2
49 7 7 2
2 6 2 9
48 6 6 5
2 3 1 8
60 50 10 4
90 36 9 8
63 7 7 2
6 9 3 1
24 16 8 2
14 10 2 8
42 18 6 1
32 24 8 9
4 8 2 3
40 20 5 1
40 8 4 8
90 50 10 2
8 20 4 10
12 3 3 6
50 25 5 2
56 40 8 9
36 12 6 8
16 8 4 3
9 9 3 4
8 10 2 7
24 9 3 6
32 12 4 10
8 4 1 5
27 6 3 5
72 27 9 9
40 40 10 3
54 24 6 7
20 5 5 6
16 2 2 4
9 4 1 1
4 8 4 4
40 8 8 3
30 30 6 5
42 35 7 4
7 2 1 10
50 30 10 2
14 14 7 3
35 20 5 1
10 3 1 3
30 20 10 9
81 27 9 8
20 50 10 3
56 35 7 4
20 4 4 5
70 30 10 3
24 12 4 5
5 3 1 6
24 18 6 4
21 6 3 2
18 30 6 1
30 3 3 9
16 8 8 8
20 6 2 5
55
8 2 1 3
30 15 5 6
40 50 10 5
90 10 10 8
24 18 6 10
5 5 1 5
20 40 10 3
45 20 5 4
8 4 4 6
80 24 8 10
70 35 7 4
6 10 2 4
100 50 10 10
16 24 8 8
24 16 4 3
9 9 9 9
5 20 5 10
42 30 6 1
40 40 8 6
30 3 3 8
14 6 2 8
7 5 1 2
8 2 2 7
40 4 4 10
25 10 5 7
16 20 4 6
27 27 9 5
32 20 4 4
15 5 5 1
64 32 8 8
21 21 7 4
50 20 5 4
36 30 6 10
14 35 7 10
30 30 10 3
36 45 9 6
56 24 8 6
35 25 5 10
60 24 6 7
56 14 7 1
63 36 9 6
16 4 2 8
7 7 7 7
70 10 10 6
24 12 3 7
60 20 10 10
28 16 4 6
36 4 4 7
24 16 8 5
20 10 2 7
2 2 2 2
2 5 1 5
6 6 6 6
18 4 2 9
12 16 4 1
77
40 24 8 5
14 4 2 1
48 8 8 9
4 3 1 6
27 36 9 8
14 35 7 1
30 15 3 8
28 12 4 4
18 9 3 8
63 36 9 5
4 4 4 3
21 7 7 3
36 9 9 4
20 4 2 5
27 3 3 3
35 28 7 9
8 8 2 9
45 18 9 6
54 45 9 10
30 25 5 5
63 35 7 2
7 14 7 7
56 7 7 9
20 30 10 8
16 6 2 4
6 4 1 9
50 30 10 4
32 20 4 9
1 2 1 10
3 3 3 3
70 7 7 9
18 36 9 7
32 8 8 1
9 9 3 6
81 27 9 3
8 8 8 10
90 27 9 9
80 16 8 8
8 4 4 10
64 8 8 5
60 24 6 2
25 15 5 6
48 30 6 9
24 12 3 7
5 2 1 8
36 8 4 5
72 24 8 4
80 20 10 10
36 24 6 4
40 25 5 5
16 16 8 6
10 1 1 6
6 30 6 7
49 7 7 9
54 30 6 9
72 27 9 10
10 30 10 10
9 9 9 6
10 6 2 6
12 12 3 3
15 6 3 6
8 3 1 1
24 32 8 2
42 28 7 5
30 24 6 4
45 10 5 7
9 5 1 8
56 32 8 1
10 25 5 2
40 40 10 4
24 12 4 2
100 30 10 10
15 5 5 8
21 15 3 1
24 6 6 9
2 1 1 7
40 4 4 9
91
42 6 6 6
56 35 7 4
60 18 6 9
20 4 2 5
28 20 4 1
7 21 7 2
32 16 4 4
24 8 4 10
15 3 3 3
36 6 6 7
14 2 2 7
24 12 6 4
70 50 10 10
56 16 8 9
54 27 9 5
21 3 3 10
20 4 4 4
9 3 1 8
4 8 2 9
12 12 4 6
40 50 10 7
8 4 2 1
24 3 3 10
6 6 6 8
3 1 1 4
28 7 7 2
90 30 10 7
30 50 10 6
40 32 8 1
21 28 7 3
16 6 2 8
48 6 6 1
10 20 10 5
24 40 8 5
8 16 4 7
2 1 1 10
36 36 9 10
12 12 3 5
20 15 5 9
16 16 4 10
36 4 4 9
25 15 5 1
70 35 7 9
4 1 1 9
5 10 5 1
27 45 9 1
3 12 3 2
20 50 10 9
32 16 8 3
5 5 1 5
90 45 9 9
63 18 9 3
35 10 5 5
10 10 2 6
40 20 4 7
64 40 8 4
1 1 1 2
12 30 6 6
6 15 3 8
10 20 5 7
50 10 5 10
54 30 6 8
15 25 5 10
27 15 3 10
6 4 2 10
60 10 10 4
100 20 10 5
18 12 3 2
35 21 7 9
30 5 5 6
63 14 7 9
80 50 10 9
30 9 3 1
18 4 2 6
48 32 8 10
9 45 9 1
4 12 4 2
7 5 1 4
10 1 1 9
14 35 7 6
49 14 7 9
18 36 9 8
72 32 8 3
30 24 6 1
72 9 9 4
12 4 2 2
80 8 8 3
8 1 1 8
2 8 2 9
45 15 5 4
42 14 7 4
84
48 8 8 9
14 4 2 10
6 3 3 8
40 30 10 4
63 7 7 7
30 9 3 9
4 16 4 3
50 40 10 7
4 4 1 1
12 12 3 8
8 32 8 2
20 8 4 7
45 5 5 3
18 4 2 10
8 10 2 6
15 6 3 3
36 9 9 8
2 3 1 1
20 5 5 2
16 16 4 5
18 27 9 10
60 10 10 9
20 10 2 3
32 40 8 3
42 24 6 7
28 28 7 6
3 1 1 7
8 12 4 1
70 14 7 5
30 20 5 9
18 12 6 1
40 40 8 6
24 15 3 7
35 14 7 1
12 8 4 10
9 1 1 4
40 5 5 7
42 21 7 9
10 20 5 3
54 36 9 4
90 9 9 3
30 24 6 3
1 1 1 2
21 28 7 10
40 16 4 2
6 10 2 3
27 9 3 6
30 40 10 9
45 27 9 3
16 8 8 8
90 20 10 10
25 10 5 6
81 45 9 10
28 16 4 6
24 16 4 5
10 2 2 3
6 4 1 10
56 28 7 1
2 6 2 3
18 9 3 7
5 5 1 7
14 21 7 9
72 40 8 10
10 2 1 1
24 12 6 6
50 15 5 10
27 18 9 1
15 25 5 8
60 18 6 7
56 8 8 3
12 30 6 3
7 4 1 9
5 20 5 1
10 50 10 3
72 9 9 1
36 6 6 8
9 9 3 9
21 12 3 1
32 4 4 5
49 14 7 1
80 32 8 2
35 25 5 2
4 4 2 6
16 10 2 2
66
81 36 9 1
63 28 7 1
4 8 4 7
14 6 2 4
12 8 2 8
12 4 4 3
15 15 5 10
8 10 2 3
49 14 7 2
32 8 4 2
6 12 6 2
80 8 8 9
42 6 6 8
9 9 9 1
4 4 1 4
30 3 3 10
21 6 3 7
1 1 1 3
20 5 5 1
5 3 1 5
24 40 8 6
15 15 3 10
10 50 10 8
80 20 10 10
27 27 9 8
40 30 10 3
18 2 2 5
54 30 6 8
48 18 6 7
35 28 7 9
27 9 3 2
28 8 4 4
40 10 5 1
100 40 10 8
16 24 8 1
63 36 9 7
36 12 4 1
32 24 8 4
12 12 3 5
9 9 3 9
10 1 1 3
24 24 6 2
60 30 6 8
16 8 2 1
54 27 9 8
36 36 9 10
14 7 7 4
5 10 5 2
72 9 9 1
40 20 4 4
64 16 8 5
6 1 1 4
10 20 5 1
70 40 10 9
20 20 4 3
60 40 10 7
18 9 3 1
56 32 8 9
30 15 5 7
3 9 3 2
3 1 1 3
25 15 5 2
50 20 5 7
90 10 10 2
40 40 8 9
70 21 7 7
70
14 14 7 9
12 10 2 8
14 10 2 8
48 8 8 1
81 18 9 3
2 2 1 8
30 10 5 2
28 21 7 1
60 30 6 1
7 35 7 10
36 18 9 10
30 12 6 1
32 12 4 5
72 45 9 8
24 9 3 1
54 18 6 9
50 10 10 7
24 24 8 8
8 16 8 3
10 10 5 1
45 27 9 9
5 5 5 9
3 3 1 3
90 30 10 9
100 20 10 10
20 40 10 2
40 20 5 6
4 10 2 8
10 10 2 7
12 8 4 10
24 12 4 4
4 20 4 1
30 10 10 1
32 16 8 2
60 50 10 3
20 8 2 4
28 8 4 3
18 27 9 1
9 1 1 6
18 9 3 5
42 24 6 9
70 20 10 7
40 16 4 1
16 24 8 8
49 28 7 9
50 20 5 4
24 18 6 2
35 7 7 10
6 2 2 9
8 2 2 5
27 36 9 3
4 5 1 5
27 12 3 10
12 9 3 8
15 15 5 1
21 6 3 10
36 12 4 2
16 10 2 2
18 2 2 5
42 35 7 1
9 15 3 5
56 24 8 7
6 12 6 6
9 45 9 10
6 12 3 8
36 18 6 6
20 20 4 10
56 21 7 7
64 8 8 2
8 4 1 6
57
90 10 10 2
4 3 1 5
28 8 4 6
5 1 1 2
36 30 6 6
30 6 6 7
80 50 10 1
45 18 9 1
25 20 5 10
56 14 7 10
15 15 5 3
4 16 4 5
40 50 10 6
100 10 10 7
49 7 7 5
36 20 4 3
30 40 10 7
40 10 5 10
90 9 9 3
8 2 1 8
4 6 2 10
9 36 9 1
12 16 4 2
15 6 3 4
16 8 4 9
21 3 3 3
60 24 6 7
20 12 4 1
8 4 2 10
12 9 3 4
8 16 8 9
42 6 6 7
50 10 5 8
7 3 1 6
18 12 3 1
28 28 7 3
16 24 8 4
35 35 7 9
18 30 6 9
9 6 3 7
63 27 9 6
8 8 4 8
12 12 6 10
21 21 7 7
54 18 9 8
24 30 6 2
50 30 10 9
48 24 6 9
63 14 7 4
14 4 2 1
45 10 5 7
27 9 9 5
48 32 8 4
10 50 10 2
70 35 7 8
10 15 5 5
6 3 3 2
62
3 2 1 9
6 3 3 2
25 25 5 3
72 18 9 3
64 16 8 9
8 2 1 9
63 27 9 5
30 40 10 6
8 12 4 6
18 6 2 8
45 10 5 2
16 2 2 7
18 12 3 9
48 12 6 3
12 8 2 10
45 9 9 6
30 18 6 9
4 5 1 9
20 10 5 4
35 5 5 3
56 8 8 5
32 24 8 10
81 9 9 5
36 12 6 3
50 30 10 8
6 2 1 5
1 5 1 4
9 4 1 9
14 2 2 3
2 5 1 9
6 6 2 3
5 4 1 10
36 20 4 6
70 21 7 10
18 36 9 8
35 28 7 6
30 5 5 9
42 12 6 4
60 6 6 3
40 16 8 10
16 8 8 3
2 10 2 3
40 10 5 4
4 2 2 3
12 3 3 9
10 4 2 4
40 12 4 3
28 8 4 5
42 21 7 6
7 1 1 10
5 5 5 7
8 10 2 10
15 15 3 2
6 24 6 8
8 24 8 6
63 21 7 4
10 1 1 2
48 24 8 10
10 20 5 4
12 16 4 5
56 7 7 6
24 24 6 7
97
12 18 6 4
1 5 1 9
42 35 7 1
10 40 10 1
63 18 9 1
7 21 7 6
9 5 1 6
16 4 2 9
18 36 9 5
18 4 2 7
60 24 6 9
63 35 7 5
48 18 6 7
4 4 1 7
81 9 9 1
8 6 2 8
56 14 7 7
42 30 6 7
2 4 1 7
36 9 9 4
30 10 5 10
45 10 5 4
30 6 3 5
6 12 6 10
36 16 4 6
6 4 1 7
49 21 7 1
35 10 5 7
24 40 8 3
15 25 5 1
18 6 6 10
3 2 1 8
45 18 9 2
6 12 3 5
20 20 4 7
24 18 6 1
8 40 8 3
30 18 6 3
16 40 8 7
14 14 7 4
28 7 7 3
35 35 7 1
24 6 3 6
90 40 10 2
48 24 8 1
70 14 7 2
10 25 5 1
5 10 5 10
4 8 2 10
70 20 10 8
3 6 3 2
8 1 1 10
16 12 4 8
12 6 2 3
40 40 10 7
100 10 10 8
50 40 10 6
12 9 3 3
56 8 8 8
40 24 8 6
7 1 1 3
21 15 3 10
25 25 5 6
40 10 5 10
18 15 3 6
27 12 3 3
80 50 10 8
30 10 10 7
10 3 1 3
32 16 8 3
36 30 6 6
24 16 4 6
28 16 4 2
72 18 9 8
64 16 8 6
20 10 10 7
21 21 7 9
20 25 5 4
14 10 2 8
80 40 8 4
40 12 4 6
90 27 9 1
27 9 9 4
54 18 6 5
50 25 5 2
9 15 3 9
4 16 4 7
8 4 4 4
20 6 2 5
15 3 3 8
32 12 4 4
2 8 2 1
6 2 2 8
60 50 10 5
5 3 1 1
12 8 4 2
9 9 9 5
71
28 4 4 6
40 10 5 7
72 32 8 2
10 20 5 4
48 30 6 3
9 45 9 7
6 30 6 1
56 21 7 7
63 7 7 8
35 10 5 5
14 7 7 5
50 10 5 7
24 18 6 8
9 2 1 1
60 10 10 4
70 35 7 3
4 8 2 4
12 6 3 4
5 4 1 4
80 32 8 3
100 30 10 5
42 24 6 8
15 25 5 3
60 30 6 9
90 27 9 9
54 18 6 3
27 3 3 8
6 1 1 2
2 5 1 1
7 35 7 8
3 3 3 7
18 45 9 1
45 25 5 1
8 8 2 3
20 15 5 2
35 28 7 1
70 20 10 10
27 36 9 9
15 9 3 3
54 18 9 5
20 4 2 8
40 10 10 2
12 12 4 2
18 12 3 6
5 20 5 8
8 3 1 10
21 3 3 9
9 15 3 7
12 24 6 9
16 20 4 8
24 20 4 4
49 28 7 6
25 15 5 2
2 10 2 7
21 21 7 1
40 40 8 2
3 4 1 1
30 18 6 3
10 4 1 3
20 12 4 3
36 18 9 6
1 1 1 9
12 10 2 3
10 10 2 5
90 50 10 4
36 12 6 2
10 20 10 5
40 8 4 1
81 45 9 3
42 21 7 8
18 8 2 8
82
49 35 7 10
12 30 6 10
90 50 10 8
5 1 1 5
18 30 6 2
60 30 6 1
4 20 4 8
45 10 5 10
4 5 1 8
60 50 10 4
35 10 5 9
90 36 9 1
40 25 5 2
5 5 5 9
2 4 2 2
10 50 10 3
50 25 5 4
12 2 2 10
42 28 7 5
28 16 4 2
24 24 6 3
42 18 6 2
6 15 3 6
30 25 5 10
14 2 2 7
32 40 8 6
54 45 9 6
20 8 4 7
45 18 9 9
21 7 7 4
18 8 2 6
24 20 4 2
24 6 3 8
80 40 10 7
63 27 9 4
9 5 1 2
9 3 3 2
25 5 5 3
40 8 4 5
20 30 10 4
20 2 2 7
12 4 4 7
18 9 9 1
7 21 7 6
35 7 7 5
32 8 4 8
72 18 9 5
63 35 7 1
16 12 4 3
70 7 7 4
10 8 2 3
12 15 3 4
70 40 10 9
6 24 6 6
8 3 1 5
30 12 3 8
10 1 1 10
18 12 3 9
8 24 8 10
8 8 2 4
3 15 3 1
27 6 3 1
48 30 6 3
56 7 7 8
21 12 3 5
56 16 8 3
6 5 1 1
28 21 7 7
54 24 6 4
14 21 7 4
27 9 9 2
30 40 10 3
80 8 8 1
30 6 6 7
50 50 10 6
2 3 1 5
36 27 9 7
16 16 8 7
1 2 1 9
10 10 5 6
40 40 10 5
24 24 8 7
78
72 9 9 10
40 30 10 8
30 24 6 3
81 45 9 6
21 9 3 5
54 9 9 2
64 8 8 4
35 25 5 1
80 32 8 8
27 9 3 8
56 24 8 4
15 25 5 10
14 8 2 10
18 45 9 2
18 12 6 7
36 30 6 1
2 2 2 3
7 2 1 2
16 16 8 9
20 40 10 8
6 3 3 2
60 20 10 9
24 24 8 5
90 27 9 5
10 10 5 1
12 3 3 1
20 20 4 3
45 9 9 3
4 4 1 1
27 9 9 5
48 6 6 7
5 5 1 2
48 24 8 6
40 32 8 10
15 9 3 9
20 8 2 1
70 40 10 6
21 35 7 2
4 12 4 4
9 45 9 10
16 4 2 8
54 12 6 6
70 35 7 9
72 32 8 5
6 1 1 8
60 30 6 3
7 14 7 2
90 10 10 2
36 4 4 3
4 2 2 10
42 14 7 3
45 25 5 6
80 20 10 4
10 10 2 9
10 5 1 4
24 12 6 3
40 10 5 3
36 36 9 1
100 10 10 9
6 4 2 4
16 12 4 7
18 10 2 10
40 8 4 3
9 3 1 5
24 20 4 10
30 20 10 9
63 27 9 5
42 24 6 10
63 21 7 4
8 8 2 7
28 12 4 4
18 9 3 5
12 12 6 5
30 10 5 5
25 20 5 9
8 16 8 4
2 5 1 9
20 20 5 3
75
54 12 6 9
24 8 8 9
72 36 9 10
9 1 1 3
48 24 6 1
10 6 2 9
60 6 6 1
18 18 6 8
36 27 9 10
18 6 3 5
40 50 10 4
30 9 3 5
16 8 8 5
64 40 8 6
7 14 7 10
12 4 4 1
48 16 8 5
10 5 5 5
80 16 8 3
8 5 1 4
18 4 2 7
4 2 2 8
36 12 4 2
36 12 6 8
42 18 6 3
21 3 3 1
6 4 1 2
8 24 8 4
12 4 2 2
18 18 9 7
27 18 9 8
80 30 10 5
90 30 10 1
32 24 8 3
14 35 7 5
45 5 5 7
3 12 3 4
8 6 2 7
8 16 4 6
20 20 10 3
7 2 1 2
6 12 3 2
72 32 8 6
6 10 2 7
30 10 5 6
14 2 2 6
63 35 7 7
2 2 1 1
28 14 7 8
60 30 10 10
3 5 1 6
35 28 7 2
50 20 10 9
20 25 5 2
6 30 6 8
10 20 10 3
24 15 3 4
4 4 4 2
54 27 9 3
40 15 5 7
40 16 8 10
25 15 5 5
63 36 9 8
15 20 5 4
24 24 6 10
81 9 9 1
70 50 10 6
9 36 9 6
2 10 2 10
30 12 6 5
40 4 4 4
32 16 4 5
20 8 2 4
28 20 4 6
27 6 3 1
