100
0
1
2
11
1692
408004
399231
211695
817875
941870
735540
9
341563
262837
249147
11759
197940
84267
622681
144371
889756
404251
526969
3
999996
168950
12500
166
7
310915
20
482412
203134
40
999991
999999
264475
34
758100
413887
999994
286872
109409
715514
653664
933615
786057
648463
182840
587207
734387
999992
594618
147248
8345
448295
13605
5
831709
432091
125000
25
647521
845498
207075
119455
999993
10
299117
407909
384342
505859
44712
523925
713028
162533
940709
1250
999995
275162
131691
445687
6
236000
358085
841888
80098
905211
999997
630242
8
803595
4
1000000
999998
125
587505
200
124
726997
