100
2 3 2
1 1 1
2 1 2
3 2 3
59 7 59
37 2 37
51 6 51
47 2 47
72 6 72
64 9 64
3 4 3
15 13 15
4 29 4
2 39 2
14 7 14
6 22 6
1 100 1
24 3 24
75 8 75
49 3 49
100 1 100
53 10 53
18 9 18
30 1 30
45 7 45
20 13 20
10 5 10
28 12 28
100 3 100
4 1 4
6 3 6
13 3 13
65 9 65
1 2 1
34 1 34
24 1 24
1 5 1
100 9 100
3 32 3
100 5 100
1 43 1
60 5 60
2 16 2
63 8 63
3 1 3
5 11 5
10 18 10
5 2 5
100 4 100
43 4 43
11 11 11
1 71 1
100 2 100
36 9 36
4 3 4
25 2 25
61 5 61
92 4 92
4 4 4
93 4 93
21 12 21
62 2 62
2 59 2
7 21 7
10 10 10
60 1 60
40 6 40
48 9 48
55 9 55
2 4 2
58 8 58
3 3 3
15 9 15
33 1 33
40 10 40
38 3 38
1 3 1
89 7 89
9 7 9
53 5 53
12 2 12
1 4 1
11 17 11
4 2 4
30 12 30
9 18 9
80 8 80
69 3 69
3 37 3
2 2 2
2 6 2
95 9 95
1 35 1
16 4 16
16 13 16
28 1 28
1 90 1
9 16 9
39 7 39
59 5 59
