100
4 2
5 2
6 2
1000 1000
1000 1
999999999999999999 1
500000000000000000 144115188075855872
999999999999999999 423539247696576511
500000000000000000 250000000000000000
5 1
999999999999999999 499999999999999997
1 1
1000000000000000000 1
1000000000000000000 1000000000000000000
999999999999999999 499999999999999999
639528616320546768 592880745690076100
1000000000000000000 499999999999999999
862630003845149532 748763855615426071
999999999999999999 499999999999999998
999999999999999999 576460752303423488
585973555434400108 444105930282733554
999999999999999999 285052945529266998
383507256247728003 347991113659223224
1000000000000000000 999999999999999999
392916404420409971 366766910975194764
443216882989126866 358159242046260235
999999999999999999 999999999999999999
382569991832766463 358688126547318884
1000000000000000000 451587299925756023
4 1
1000000000000000000 128
999999999999999999 288230376151711744
500000000000000000 199512392038861917
500000000000000000 211769623848288257
1000000000000000000 576460752303423488
447378899313906238 342864086172300465
768567097869370517 694179042800466985
267287375250515464 208171055538862266
500000000000000000 2
1000000000000000000 127
518797199323657401 479067665639364848
500000000000000000 249999999999999998
500000000000000000 127
620092908166872485 587692937484626445
1000000000000000000 499999999999999998
1000000000000000000 2
1000000000000000000 423539247696576513
500000000000000000 211769623848288256
706236943741620266 574143763750267927
440902632671986092 408439477560144942
500000000000000000 499999999999999999
500000000000000000 144115188075855871
1000000000000000000 423539247696576512
393845558229074352 313724464440913772
394454913336750177 330408392411951696
500000000000000000 288230376151711744
500000000000000000 139780432104442772
999999999999999999 576460752303423487
1000000000000000000 279574055034713625
1000000000000000000 500000000000000000
500000000000000000 1
2 1
450089707105317437 406167200008784249
255986053159388941 253662797128625625
940939140106223254 854831680281527450
902751376931814559 846694499286170489
320952264312107554 293502120026782919
444746885290331033 376484499438951713
481757990102710251 399239130329234061
513962199758957841 491497313635469546
1000000000000000000 288230376151711743
458277138153207695 443129989043209949
999999999999999999 288230376151711743
500000000000000000 500000000000000000
999999999999999999 423539247696576512
480666426329074790 427846149951938477
999999999999999999 128
902237375655437452 695630838337715426
999999999999999999 999999999999999998
681199736645005632 678839567743503410
999999999999999999 380380645294134075
500000000000000000 240938606827773445
693395967873692156 592438206114746888
999999999999999999 563772027912217840
500000000000000000 128
2 2
735614584522733683 568917983277668503
3 2
500000000000000000 288230376151711743
3 1
1000000000000000000 288230376151711744
999999999999999999 127
1000000000000000000 311508316815505769
469334686598104015 391727105129525609
500000000000000000 249999999999999999
1000000000000000000 576460752303423487
358245208916079469 304725433319165305
999999999999999999 2
540286345221790012 509316386686058017
285231351598576352 264445233810028181
