100
4 2
5 2
6 2
1000 1000
1000 1
4 1
1000000 499998
663659 644146
999999 499997
500000 1
999999 1
1000000 128
500000 262144
305485 261971
1000000 524288
1000000 1000000
999999 2
3 2
917651 727735
500000 248980
999999 506362
999999 128
500000 249999
999999 291154
973807 837734
500000 249998
252833 226239
999999 524288
250656 207013
982263 926051
1000000 478945
999999 262143
500000 262143
924545 764454
999999 262144
745634 737880
765755 645854
1000000 524287
1000000 262144
500000 232921
686749 528709
864018 660904
5 1
500000 237857
775334 635546
575536 472956
642136 486286
1000000 475712
973277 755120
500000 131072
805368 623927
641124 580256
999999 475711
500000 499999
500000 131071
468319 371828
1000000 475713
588723 559197
1000000 1
1000000 500000
971490 788229
3 1
910927 731990
588837 443667
448724 418852
344920 284946
870854 740236
500000 237856
999999 127
1000000 262143
1000000 999999
1000000 499999
402277 389335
999999 524287
324083 293157
999999 475712
500000 128
1000000 454042
349716 341170
500000 2
999999 999998
1000000 127
500000 127
364686 289039
933392 808811
2 2
583706 536673
865346 782145
500000 500000
500000 250000
999999 499999
2 1
1 1
1000000 2
999999 999999
784196 600577
347927 344358
469363 444934
564463 480578
999999 499998
